-57.5;0;1;8;1.5708;4.71239
-53.5;0;2;16;1.5708;4.71239
-49.5;0;3;24;1.5708;4.71239
-45.5;0;4;32;1.5708;4.71239
-41.5;0;5;40;1.5708;4.71239
-37.5;0;6;48;1.5708;4.71239
-33.5;0;7;56;1.5708;4.71239
-29.5;0;8;64;1.5708;4.71239
-25.5;0;9;72;1.5708;4.71239
-21.5;0;10;80;1.5708;4.71239
-17.5;0;11;88;1.5708;4.71239
-13.5;0;12;96;1.5708;4.71239
-9.5;0;13;104;1.5708;4.71239
-5.5;0;14;112;1.5708;4.71239
-1.5;0;15;120;1.5708;4.71239
-1.5;0;0;120;1.5708;4.71239
-1.5;-57;1;17;-3.14159;0
-1.5;-53;9;18;-3.14159;0
-1.5;-49;17;19;-3.14159;0
-1.5;-45;25;20;-3.14159;0
-1.5;-41;33;21;-3.14159;0
-1.5;-37;41;22;-3.14159;0
-1.5;-33;49;23;-3.14159;0
-1.5;-29;57;24;-3.14159;0
-1.5;-25;65;25;-3.14159;0
-1.5;-21;73;26;-3.14159;0
-1.5;-17;81;27;-3.14159;0
-1.5;-13;89;28;-3.14159;0
-1.5;-9;97;29;-3.14159;0
-1.5;-5;105;30;-3.14159;0
-1.5;-1;113;31;-3.14159;0
-1.5;-1;113;0;-3.14159;0
-1.5;-1;113;32;0;3.14159
-1.5;3;105;31;0;3.14159
-1.5;7;97;30;0;3.14159
-1.5;11;89;29;0;3.14159
-1.5;15;81;28;0;3.14159
-1.5;19;73;27;0;3.14159
-1.5;23;65;26;0;3.14159
-1.5;27;57;25;0;3.14159
-1.5;31;49;24;0;3.14159
-1.5;35;41;23;0;3.14159
-1.5;39;33;22;0;3.14159
-1.5;43;25;21;0;3.14159
-1.5;47;17;20;0;3.14159
-1.5;51;9;19;0;3.14159
-1.5;55;1;18;0;3.14159
-1.5;0;16;120;-1.5708;1.5708
2.5;0;15;112;-1.5708;1.5708
6.5;0;14;104;-1.5708;1.5708
10.5;0;13;96;-1.5708;1.5708
14.5;0;12;88;-1.5708;1.5708
18.5;0;11;80;-1.5708;1.5708
22.5;0;10;72;-1.5708;1.5708
26.5;0;9;64;-1.5708;1.5708
30.5;0;8;56;-1.5708;1.5708
34.5;0;7;48;-1.5708;1.5708
38.5;0;6;40;-1.5708;1.5708
42.5;0;5;32;-1.5708;1.5708
46.5;0;4;24;-1.5708;1.5708
50.5;0;3;16;-1.5708;1.5708
54.5;0;2;8;-1.5708;1.5708
58.5;0;1;8;1.5708;4.71239
62.5;0;2;16;1.5708;4.71239
66.5;0;3;24;1.5708;4.71239
70.5;0;4;32;1.5708;4.71239
74.5;0;5;40;1.5708;4.71239
78.5;0;6;48;1.5708;4.71239
82.5;0;7;56;1.5708;4.71239
86.5;0;8;64;1.5708;4.71239
90.5;0;9;72;1.5708;4.71239
94.5;0;10;80;1.5708;4.71239
98.5;0;11;88;1.5708;4.71239
102.5;0;12;96;1.5708;4.71239
106.5;0;13;104;1.5708;4.71239
110.5;0;14;112;1.5708;4.71239
114.5;0;15;120;1.5708;4.71239
114.5;0;0;120;1.5708;4.71239
114.5;-57;1;17;-3.14159;0
114.5;-53;9;18;-3.14159;0
114.5;-49;17;19;-3.14159;0
114.5;-45;25;20;-3.14159;0
114.5;-41;33;21;-3.14159;0
114.5;-37;41;22;-3.14159;0
114.5;-33;49;23;-3.14159;0
114.5;-29;57;24;-3.14159;0
114.5;-25;65;25;-3.14159;0
114.5;-21;73;26;-3.14159;0
114.5;-17;81;27;-3.14159;0
114.5;-13;89;28;-3.14159;0
114.5;-9;97;29;-3.14159;0
114.5;-5;105;30;-3.14159;0
114.5;-1;113;31;-3.14159;0
114.5;-1;113;0;-3.14159;0
114.5;-1;113;32;0;3.14159
114.5;3;105;31;0;3.14159
114.5;7;97;30;0;3.14159
114.5;11;89;29;0;3.14159
114.5;15;81;28;0;3.14159
114.5;19;73;27;0;3.14159
114.5;23;65;26;0;3.14159
114.5;27;57;25;0;3.14159
114.5;31;49;24;0;3.14159
114.5;35;41;23;0;3.14159
114.5;39;33;22;0;3.14159
114.5;43;25;21;0;3.14159
114.5;47;17;20;0;3.14159
114.5;51;9;19;0;3.14159
114.5;55;1;18;0;3.14159
114.5;0;16;120;-1.5708;1.5708
118.5;0;15;112;-1.5708;1.5708
122.5;0;14;104;-1.5708;1.5708
126.5;0;13;96;-1.5708;1.5708
130.5;0;12;88;-1.5708;1.5708
134.5;0;11;80;-1.5708;1.5708
138.5;0;10;72;-1.5708;1.5708
142.5;0;9;64;-1.5708;1.5708
146.5;0;8;56;-1.5708;1.5708
150.5;0;7;48;-1.5708;1.5708
154.5;0;6;40;-1.5708;1.5708
158.5;0;5;32;-1.5708;1.5708
162.5;0;4;24;-1.5708;1.5708
166.5;0;3;16;-1.5708;1.5708
170.5;0;2;8;-1.5708;1.5708
174.5;0;1;8;1.5708;4.71239
178.5;0;2;16;1.5708;4.71239
182.5;0;3;24;1.5708;4.71239
186.5;0;4;32;1.5708;4.71239
190.5;0;5;40;1.5708;4.71239
194.5;0;6;48;1.5708;4.71239
198.5;0;7;56;1.5708;4.71239
202.5;0;8;64;1.5708;4.71239
206.5;0;9;72;1.5708;4.71239
210.5;0;10;80;1.5708;4.71239
214.5;0;11;88;1.5708;4.71239
218.5;0;12;96;1.5708;4.71239
222.5;0;13;104;1.5708;4.71239
226.5;0;14;112;1.5708;4.71239
230.5;0;15;120;1.5708;4.71239
230.5;0;0;120;1.5708;4.71239
230.5;-57;1;17;-3.14159;0
230.5;-53;9;18;-3.14159;0
230.5;-49;17;19;-3.14159;0
230.5;-45;25;20;-3.14159;0
230.5;-41;33;21;-3.14159;0
230.5;-37;41;22;-3.14159;0
230.5;-33;49;23;-3.14159;0
230.5;-29;57;24;-3.14159;0
230.5;-25;65;25;-3.14159;0
230.5;-21;73;26;-3.14159;0
230.5;-17;81;27;-3.14159;0
230.5;-13;89;28;-3.14159;0
230.5;-9;97;29;-3.14159;0
230.5;-5;105;30;-3.14159;0
230.5;-1;113;31;-3.14159;0
230.5;-1;113;0;-3.14159;0
230.5;-1;113;32;0;3.14159
230.5;3;105;31;0;3.14159
230.5;7;97;30;0;3.14159
230.5;11;89;29;0;3.14159
230.5;15;81;28;0;3.14159
230.5;19;73;27;0;3.14159
230.5;23;65;26;0;3.14159
230.5;27;57;25;0;3.14159
230.5;31;49;24;0;3.14159
230.5;35;41;23;0;3.14159
230.5;39;33;22;0;3.14159
230.5;43;25;21;0;3.14159
230.5;47;17;20;0;3.14159
230.5;51;9;19;0;3.14159
230.5;55;1;18;0;3.14159
230.5;0;16;120;-1.5708;1.5708
234.5;0;15;112;-1.5708;1.5708
238.5;0;14;104;-1.5708;1.5708
242.5;0;13;96;-1.5708;1.5708
246.5;0;12;88;-1.5708;1.5708
250.5;0;11;80;-1.5708;1.5708
254.5;0;10;72;-1.5708;1.5708
258.5;0;9;64;-1.5708;1.5708
262.5;0;8;56;-1.5708;1.5708
266.5;0;7;48;-1.5708;1.5708
270.5;0;6;40;-1.5708;1.5708
274.5;0;5;32;-1.5708;1.5708
278.5;0;4;24;-1.5708;1.5708
282.5;0;3;16;-1.5708;1.5708
286.5;0;2;8;-1.5708;1.5708
290.5;0;1;8;1.5708;4.71239
294.5;0;2;16;1.5708;4.71239
298.5;0;3;24;1.5708;4.71239
302.5;0;4;32;1.5708;4.71239
306.5;0;5;40;1.5708;4.71239
310.5;0;6;48;1.5708;4.71239
314.5;0;7;56;1.5708;4.71239
318.5;0;8;64;1.5708;4.71239
322.5;0;9;72;1.5708;4.71239
326.5;0;10;80;1.5708;4.71239
330.5;0;11;88;1.5708;4.71239
334.5;0;12;96;1.5708;4.71239
338.5;0;13;104;1.5708;4.71239
342.5;0;14;112;1.5708;4.71239
346.5;0;15;120;1.5708;4.71239
346.5;0;0;120;1.5708;4.71239
346.5;-57;1;17;-3.14159;0
346.5;-53;9;18;-3.14159;0
346.5;-49;17;19;-3.14159;0
346.5;-45;25;20;-3.14159;0
346.5;-41;33;21;-3.14159;0
346.5;-37;41;22;-3.14159;0
346.5;-33;49;23;-3.14159;0
346.5;-29;57;24;-3.14159;0
346.5;-25;65;25;-3.14159;0
346.5;-21;73;26;-3.14159;0
346.5;-17;81;27;-3.14159;0
346.5;-13;89;28;-3.14159;0
346.5;-9;97;29;-3.14159;0
346.5;-5;105;30;-3.14159;0
346.5;-1;113;31;-3.14159;0
346.5;-1;113;0;-3.14159;0
346.5;-1;113;32;0;3.14159
346.5;3;105;31;0;3.14159
346.5;7;97;30;0;3.14159
346.5;11;89;29;0;3.14159
346.5;15;81;28;0;3.14159
346.5;19;73;27;0;3.14159
346.5;23;65;26;0;3.14159
346.5;27;57;25;0;3.14159
346.5;31;49;24;0;3.14159
346.5;35;41;23;0;3.14159
346.5;39;33;22;0;3.14159
346.5;43;25;21;0;3.14159
346.5;47;17;20;0;3.14159
346.5;51;9;19;0;3.14159
346.5;55;1;18;0;3.14159
346.5;0;16;120;-1.5708;1.5708
350.5;0;15;112;-1.5708;1.5708
354.5;0;14;104;-1.5708;1.5708
358.5;0;13;96;-1.5708;1.5708
362.5;0;12;88;-1.5708;1.5708
366.5;0;11;80;-1.5708;1.5708
370.5;0;10;72;-1.5708;1.5708
374.5;0;9;64;-1.5708;1.5708
378.5;0;8;56;-1.5708;1.5708
382.5;0;7;48;-1.5708;1.5708
386.5;0;6;40;-1.5708;1.5708
390.5;0;5;32;-1.5708;1.5708
394.5;0;4;24;-1.5708;1.5708
398.5;0;3;16;-1.5708;1.5708
402.5;0;2;8;-1.5708;1.5708
406.5;0;1;8;1.5708;4.71239
410.5;0;2;16;1.5708;4.71239
414.5;0;3;24;1.5708;4.71239
418.5;0;4;32;1.5708;4.71239
422.5;0;5;40;1.5708;4.71239
426.5;0;6;48;1.5708;4.71239
430.5;0;7;56;1.5708;4.71239
434.5;0;8;64;1.5708;4.71239
438.5;0;9;72;1.5708;4.71239
442.5;0;10;80;1.5708;4.71239
446.5;0;11;88;1.5708;4.71239
450.5;0;12;96;1.5708;4.71239
454.5;0;13;104;1.5708;4.71239
458.5;0;14;112;1.5708;4.71239
462.5;0;15;120;1.5708;4.71239
462.5;0;0;120;1.5708;4.71239
462.5;-57;1;17;-3.14159;0
462.5;-53;9;18;-3.14159;0
462.5;-49;17;19;-3.14159;0
462.5;-45;25;20;-3.14159;0
462.5;-41;33;21;-3.14159;0
462.5;-37;41;22;-3.14159;0
462.5;-33;49;23;-3.14159;0
462.5;-29;57;24;-3.14159;0
462.5;-25;65;25;-3.14159;0
462.5;-21;73;26;-3.14159;0
462.5;-17;81;27;-3.14159;0
462.5;-13;89;28;-3.14159;0
462.5;-9;97;29;-3.14159;0
462.5;-5;105;30;-3.14159;0
462.5;-1;113;31;-3.14159;0
462.5;-1;113;0;-3.14159;0
462.5;-1;113;32;0;3.14159
462.5;3;105;31;0;3.14159
462.5;7;97;30;0;3.14159
462.5;11;89;29;0;3.14159
462.5;15;81;28;0;3.14159
462.5;19;73;27;0;3.14159
462.5;23;65;26;0;3.14159
462.5;27;57;25;0;3.14159
462.5;31;49;24;0;3.14159
462.5;35;41;23;0;3.14159
462.5;39;33;22;0;3.14159
462.5;43;25;21;0;3.14159
462.5;47;17;20;0;3.14159
462.5;51;9;19;0;3.14159
462.5;55;1;18;0;3.14159
462.5;0;16;120;-1.5708;1.5708
466.5;0;15;112;-1.5708;1.5708
470.5;0;14;104;-1.5708;1.5708
474.5;0;13;96;-1.5708;1.5708
478.5;0;12;88;-1.5708;1.5708
482.5;0;11;80;-1.5708;1.5708
486.5;0;10;72;-1.5708;1.5708
490.5;0;9;64;-1.5708;1.5708
494.5;0;8;56;-1.5708;1.5708
498.5;0;7;48;-1.5708;1.5708
502.5;0;6;40;-1.5708;1.5708
506.5;0;5;32;-1.5708;1.5708
510.5;0;4;24;-1.5708;1.5708
514.5;0;3;16;-1.5708;1.5708
518.5;0;2;8;-1.5708;1.5708
0;57.5;1;8;1.5708;4.71239
4;57.5;2;16;1.5708;4.71239
8;57.5;3;24;1.5708;4.71239
12;57.5;4;32;1.5708;4.71239
16;57.5;5;40;1.5708;4.71239
20;57.5;6;48;1.5708;4.71239
24;57.5;7;56;1.5708;4.71239
28;57.5;8;64;1.5708;4.71239
32;57.5;9;72;1.5708;4.71239
36;57.5;10;80;1.5708;4.71239
40;57.5;11;88;1.5708;4.71239
44;57.5;12;96;1.5708;4.71239
48;57.5;13;104;1.5708;4.71239
52;57.5;14;112;1.5708;4.71239
56;57.5;15;120;1.5708;4.71239
56;57.5;0;120;1.5708;4.71239
56;0;1;17;-3.14159;0
56;4;9;18;-3.14159;0
56;8;17;19;-3.14159;0
56;12;25;20;-3.14159;0
56;16;33;21;-3.14159;0
56;20;41;22;-3.14159;0
56;24;49;23;-3.14159;0
56;28;57;24;-3.14159;0
56;32;65;25;-3.14159;0
56;36;73;26;-3.14159;0
56;40;81;27;-3.14159;0
56;44;89;28;-3.14159;0
56;48;97;29;-3.14159;0
56;52;105;30;-3.14159;0
56;56;113;31;-3.14159;0
56;56;113;0;-3.14159;0
56;56;113;32;0;3.14159
56;60;105;31;0;3.14159
56;64;97;30;0;3.14159
56;68;89;29;0;3.14159
56;72;81;28;0;3.14159
56;76;73;27;0;3.14159
56;80;65;26;0;3.14159
56;84;57;25;0;3.14159
56;88;49;24;0;3.14159
56;92;41;23;0;3.14159
56;96;33;22;0;3.14159
56;100;25;21;0;3.14159
56;104;17;20;0;3.14159
56;108;9;19;0;3.14159
56;112;1;18;0;3.14159
56;57.5;16;120;-1.5708;1.5708
60;57.5;15;112;-1.5708;1.5708
64;57.5;14;104;-1.5708;1.5708
68;57.5;13;96;-1.5708;1.5708
72;57.5;12;88;-1.5708;1.5708
76;57.5;11;80;-1.5708;1.5708
80;57.5;10;72;-1.5708;1.5708
84;57.5;9;64;-1.5708;1.5708
88;57.5;8;56;-1.5708;1.5708
92;57.5;7;48;-1.5708;1.5708
96;57.5;6;40;-1.5708;1.5708
100;57.5;5;32;-1.5708;1.5708
104;57.5;4;24;-1.5708;1.5708
108;57.5;3;16;-1.5708;1.5708
112;57.5;2;8;-1.5708;1.5708
116;57.5;1;8;1.5708;4.71239
120;57.5;2;16;1.5708;4.71239
124;57.5;3;24;1.5708;4.71239
128;57.5;4;32;1.5708;4.71239
132;57.5;5;40;1.5708;4.71239
136;57.5;6;48;1.5708;4.71239
140;57.5;7;56;1.5708;4.71239
144;57.5;8;64;1.5708;4.71239
148;57.5;9;72;1.5708;4.71239
152;57.5;10;80;1.5708;4.71239
156;57.5;11;88;1.5708;4.71239
160;57.5;12;96;1.5708;4.71239
164;57.5;13;104;1.5708;4.71239
168;57.5;14;112;1.5708;4.71239
172;57.5;15;120;1.5708;4.71239
172;57.5;0;120;1.5708;4.71239
172;0;1;17;-3.14159;0
172;4;9;18;-3.14159;0
172;8;17;19;-3.14159;0
172;12;25;20;-3.14159;0
172;16;33;21;-3.14159;0
172;20;41;22;-3.14159;0
172;24;49;23;-3.14159;0
172;28;57;24;-3.14159;0
172;32;65;25;-3.14159;0
172;36;73;26;-3.14159;0
172;40;81;27;-3.14159;0
172;44;89;28;-3.14159;0
172;48;97;29;-3.14159;0
172;52;105;30;-3.14159;0
172;56;113;31;-3.14159;0
172;56;113;0;-3.14159;0
172;56;113;32;0;3.14159
172;60;105;31;0;3.14159
172;64;97;30;0;3.14159
172;68;89;29;0;3.14159
172;72;81;28;0;3.14159
172;76;73;27;0;3.14159
172;80;65;26;0;3.14159
172;84;57;25;0;3.14159
172;88;49;24;0;3.14159
172;92;41;23;0;3.14159
172;96;33;22;0;3.14159
172;100;25;21;0;3.14159
172;104;17;20;0;3.14159
172;108;9;19;0;3.14159
172;112;1;18;0;3.14159
172;57.5;16;120;-1.5708;1.5708
176;57.5;15;112;-1.5708;1.5708
180;57.5;14;104;-1.5708;1.5708
184;57.5;13;96;-1.5708;1.5708
188;57.5;12;88;-1.5708;1.5708
192;57.5;11;80;-1.5708;1.5708
196;57.5;10;72;-1.5708;1.5708
200;57.5;9;64;-1.5708;1.5708
204;57.5;8;56;-1.5708;1.5708
208;57.5;7;48;-1.5708;1.5708
212;57.5;6;40;-1.5708;1.5708
216;57.5;5;32;-1.5708;1.5708
220;57.5;4;24;-1.5708;1.5708
224;57.5;3;16;-1.5708;1.5708
228;57.5;2;8;-1.5708;1.5708
232;57.5;1;8;1.5708;4.71239
236;57.5;2;16;1.5708;4.71239
240;57.5;3;24;1.5708;4.71239
244;57.5;4;32;1.5708;4.71239
248;57.5;5;40;1.5708;4.71239
252;57.5;6;48;1.5708;4.71239
256;57.5;7;56;1.5708;4.71239
260;57.5;8;64;1.5708;4.71239
264;57.5;9;72;1.5708;4.71239
268;57.5;10;80;1.5708;4.71239
272;57.5;11;88;1.5708;4.71239
276;57.5;12;96;1.5708;4.71239
280;57.5;13;104;1.5708;4.71239
284;57.5;14;112;1.5708;4.71239
288;57.5;15;120;1.5708;4.71239
288;57.5;0;120;1.5708;4.71239
288;0;1;17;-3.14159;0
288;4;9;18;-3.14159;0
288;8;17;19;-3.14159;0
288;12;25;20;-3.14159;0
288;16;33;21;-3.14159;0
288;20;41;22;-3.14159;0
288;24;49;23;-3.14159;0
288;28;57;24;-3.14159;0
288;32;65;25;-3.14159;0
288;36;73;26;-3.14159;0
288;40;81;27;-3.14159;0
288;44;89;28;-3.14159;0
288;48;97;29;-3.14159;0
288;52;105;30;-3.14159;0
288;56;113;31;-3.14159;0
288;56;113;0;-3.14159;0
288;56;113;32;0;3.14159
288;60;105;31;0;3.14159
288;64;97;30;0;3.14159
288;68;89;29;0;3.14159
288;72;81;28;0;3.14159
288;76;73;27;0;3.14159
288;80;65;26;0;3.14159
288;84;57;25;0;3.14159
288;88;49;24;0;3.14159
288;92;41;23;0;3.14159
288;96;33;22;0;3.14159
288;100;25;21;0;3.14159
288;104;17;20;0;3.14159
288;108;9;19;0;3.14159
288;112;1;18;0;3.14159
288;57.5;16;120;-1.5708;1.5708
292;57.5;15;112;-1.5708;1.5708
296;57.5;14;104;-1.5708;1.5708
300;57.5;13;96;-1.5708;1.5708
304;57.5;12;88;-1.5708;1.5708
308;57.5;11;80;-1.5708;1.5708
312;57.5;10;72;-1.5708;1.5708
316;57.5;9;64;-1.5708;1.5708
320;57.5;8;56;-1.5708;1.5708
324;57.5;7;48;-1.5708;1.5708
328;57.5;6;40;-1.5708;1.5708
332;57.5;5;32;-1.5708;1.5708
336;57.5;4;24;-1.5708;1.5708
340;57.5;3;16;-1.5708;1.5708
344;57.5;2;8;-1.5708;1.5708
348;57.5;1;8;1.5708;4.71239
352;57.5;2;16;1.5708;4.71239
356;57.5;3;24;1.5708;4.71239
360;57.5;4;32;1.5708;4.71239
364;57.5;5;40;1.5708;4.71239
368;57.5;6;48;1.5708;4.71239
372;57.5;7;56;1.5708;4.71239
376;57.5;8;64;1.5708;4.71239
380;57.5;9;72;1.5708;4.71239
384;57.5;10;80;1.5708;4.71239
388;57.5;11;88;1.5708;4.71239
392;57.5;12;96;1.5708;4.71239
396;57.5;13;104;1.5708;4.71239
400;57.5;14;112;1.5708;4.71239
404;57.5;15;120;1.5708;4.71239
404;57.5;0;120;1.5708;4.71239
404;0;1;17;-3.14159;0
404;4;9;18;-3.14159;0
404;8;17;19;-3.14159;0
404;12;25;20;-3.14159;0
404;16;33;21;-3.14159;0
404;20;41;22;-3.14159;0
404;24;49;23;-3.14159;0
404;28;57;24;-3.14159;0
404;32;65;25;-3.14159;0
404;36;73;26;-3.14159;0
404;40;81;27;-3.14159;0
404;44;89;28;-3.14159;0
404;48;97;29;-3.14159;0
404;52;105;30;-3.14159;0
404;56;113;31;-3.14159;0
404;56;113;0;-3.14159;0
404;56;113;32;0;3.14159
404;60;105;31;0;3.14159
404;64;97;30;0;3.14159
404;68;89;29;0;3.14159
404;72;81;28;0;3.14159
404;76;73;27;0;3.14159
404;80;65;26;0;3.14159
404;84;57;25;0;3.14159
404;88;49;24;0;3.14159
404;92;41;23;0;3.14159
404;96;33;22;0;3.14159
404;100;25;21;0;3.14159
404;104;17;20;0;3.14159
404;108;9;19;0;3.14159
404;112;1;18;0;3.14159
404;57.5;16;120;-1.5708;1.5708
408;57.5;15;112;-1.5708;1.5708
412;57.5;14;104;-1.5708;1.5708
416;57.5;13;96;-1.5708;1.5708
420;57.5;12;88;-1.5708;1.5708
424;57.5;11;80;-1.5708;1.5708
428;57.5;10;72;-1.5708;1.5708
432;57.5;9;64;-1.5708;1.5708
436;57.5;8;56;-1.5708;1.5708
440;57.5;7;48;-1.5708;1.5708
444;57.5;6;40;-1.5708;1.5708
448;57.5;5;32;-1.5708;1.5708
452;57.5;4;24;-1.5708;1.5708
456;57.5;3;16;-1.5708;1.5708
460;57.5;2;8;-1.5708;1.5708
464;57.5;1;8;1.5708;4.71239
468;57.5;2;16;1.5708;4.71239
472;57.5;3;24;1.5708;4.71239
476;57.5;4;32;1.5708;4.71239
480;57.5;5;40;1.5708;4.71239
484;57.5;6;48;1.5708;4.71239
488;57.5;7;56;1.5708;4.71239
492;57.5;8;64;1.5708;4.71239
496;57.5;9;72;1.5708;4.71239
500;57.5;10;80;1.5708;4.71239
504;57.5;11;88;1.5708;4.71239
508;57.5;12;96;1.5708;4.71239
512;57.5;13;104;1.5708;4.71239
516;57.5;14;112;1.5708;4.71239
520;57.5;15;120;1.5708;4.71239
520;57.5;0;120;1.5708;4.71239
520;0;1;17;-3.14159;0
520;4;9;18;-3.14159;0
520;8;17;19;-3.14159;0
520;12;25;20;-3.14159;0
520;16;33;21;-3.14159;0
520;20;41;22;-3.14159;0
520;24;49;23;-3.14159;0
520;28;57;24;-3.14159;0
520;32;65;25;-3.14159;0
520;36;73;26;-3.14159;0
520;40;81;27;-3.14159;0
520;44;89;28;-3.14159;0
520;48;97;29;-3.14159;0
520;52;105;30;-3.14159;0
520;56;113;31;-3.14159;0
520;56;113;0;-3.14159;0
520;56;113;32;0;3.14159
520;60;105;31;0;3.14159
520;64;97;30;0;3.14159
520;68;89;29;0;3.14159
520;72;81;28;0;3.14159
520;76;73;27;0;3.14159
520;80;65;26;0;3.14159
520;84;57;25;0;3.14159
520;88;49;24;0;3.14159
520;92;41;23;0;3.14159
520;96;33;22;0;3.14159
520;100;25;21;0;3.14159
520;104;17;20;0;3.14159
520;108;9;19;0;3.14159
520;112;1;18;0;3.14159
520;57.5;16;120;-1.5708;1.5708
524;57.5;15;112;-1.5708;1.5708
528;57.5;14;104;-1.5708;1.5708
532;57.5;13;96;-1.5708;1.5708
536;57.5;12;88;-1.5708;1.5708
540;57.5;11;80;-1.5708;1.5708
544;57.5;10;72;-1.5708;1.5708
548;57.5;9;64;-1.5708;1.5708
552;57.5;8;56;-1.5708;1.5708
556;57.5;7;48;-1.5708;1.5708
560;57.5;6;40;-1.5708;1.5708
564;57.5;5;32;-1.5708;1.5708
568;57.5;4;24;-1.5708;1.5708
572;57.5;3;16;-1.5708;1.5708
576;57.5;2;8;-1.5708;1.5708
-57.5;115;1;8;1.5708;4.71239
-53.5;115;2;16;1.5708;4.71239
-49.5;115;3;24;1.5708;4.71239
-45.5;115;4;32;1.5708;4.71239
-41.5;115;5;40;1.5708;4.71239
-37.5;115;6;48;1.5708;4.71239
-33.5;115;7;56;1.5708;4.71239
-29.5;115;8;64;1.5708;4.71239
-25.5;115;9;72;1.5708;4.71239
-21.5;115;10;80;1.5708;4.71239
-17.5;115;11;88;1.5708;4.71239
-13.5;115;12;96;1.5708;4.71239
-9.5;115;13;104;1.5708;4.71239
-5.5;115;14;112;1.5708;4.71239
-1.5;115;15;120;1.5708;4.71239
-1.5;115;0;120;1.5708;4.71239
-1.5;57;1;17;-3.14159;0
-1.5;61;9;18;-3.14159;0
-1.5;65;17;19;-3.14159;0
-1.5;69;25;20;-3.14159;0
-1.5;73;33;21;-3.14159;0
-1.5;77;41;22;-3.14159;0
-1.5;81;49;23;-3.14159;0
-1.5;85;57;24;-3.14159;0
-1.5;89;65;25;-3.14159;0
-1.5;93;73;26;-3.14159;0
-1.5;97;81;27;-3.14159;0
-1.5;101;89;28;-3.14159;0
-1.5;105;97;29;-3.14159;0
-1.5;109;105;30;-3.14159;0
-1.5;113;113;31;-3.14159;0
-1.5;113;113;0;-3.14159;0
-1.5;113;113;32;0;3.14159
-1.5;117;105;31;0;3.14159
-1.5;121;97;30;0;3.14159
-1.5;125;89;29;0;3.14159
-1.5;129;81;28;0;3.14159
-1.5;133;73;27;0;3.14159
-1.5;137;65;26;0;3.14159
-1.5;141;57;25;0;3.14159
-1.5;145;49;24;0;3.14159
-1.5;149;41;23;0;3.14159
-1.5;153;33;22;0;3.14159
-1.5;157;25;21;0;3.14159
-1.5;161;17;20;0;3.14159
-1.5;165;9;19;0;3.14159
-1.5;169;1;18;0;3.14159
-1.5;115;16;120;-1.5708;1.5708
2.5;115;15;112;-1.5708;1.5708
6.5;115;14;104;-1.5708;1.5708
10.5;115;13;96;-1.5708;1.5708
14.5;115;12;88;-1.5708;1.5708
18.5;115;11;80;-1.5708;1.5708
22.5;115;10;72;-1.5708;1.5708
26.5;115;9;64;-1.5708;1.5708
30.5;115;8;56;-1.5708;1.5708
34.5;115;7;48;-1.5708;1.5708
38.5;115;6;40;-1.5708;1.5708
42.5;115;5;32;-1.5708;1.5708
46.5;115;4;24;-1.5708;1.5708
50.5;115;3;16;-1.5708;1.5708
54.5;115;2;8;-1.5708;1.5708
58.5;115;1;8;1.5708;4.71239
62.5;115;2;16;1.5708;4.71239
66.5;115;3;24;1.5708;4.71239
70.5;115;4;32;1.5708;4.71239
74.5;115;5;40;1.5708;4.71239
78.5;115;6;48;1.5708;4.71239
82.5;115;7;56;1.5708;4.71239
86.5;115;8;64;1.5708;4.71239
90.5;115;9;72;1.5708;4.71239
94.5;115;10;80;1.5708;4.71239
98.5;115;11;88;1.5708;4.71239
102.5;115;12;96;1.5708;4.71239
106.5;115;13;104;1.5708;4.71239
110.5;115;14;112;1.5708;4.71239
114.5;115;15;120;1.5708;4.71239
114.5;115;0;120;1.5708;4.71239
114.5;57;1;17;-3.14159;0
114.5;61;9;18;-3.14159;0
114.5;65;17;19;-3.14159;0
114.5;69;25;20;-3.14159;0
114.5;73;33;21;-3.14159;0
114.5;77;41;22;-3.14159;0
114.5;81;49;23;-3.14159;0
114.5;85;57;24;-3.14159;0
114.5;89;65;25;-3.14159;0
114.5;93;73;26;-3.14159;0
114.5;97;81;27;-3.14159;0
114.5;101;89;28;-3.14159;0
114.5;105;97;29;-3.14159;0
114.5;109;105;30;-3.14159;0
114.5;113;113;31;-3.14159;0
114.5;113;113;0;-3.14159;0
114.5;113;113;32;0;3.14159
114.5;117;105;31;0;3.14159
114.5;121;97;30;0;3.14159
114.5;125;89;29;0;3.14159
114.5;129;81;28;0;3.14159
114.5;133;73;27;0;3.14159
114.5;137;65;26;0;3.14159
114.5;141;57;25;0;3.14159
114.5;145;49;24;0;3.14159
114.5;149;41;23;0;3.14159
114.5;153;33;22;0;3.14159
114.5;157;25;21;0;3.14159
114.5;161;17;20;0;3.14159
114.5;165;9;19;0;3.14159
114.5;169;1;18;0;3.14159
114.5;115;16;120;-1.5708;1.5708
118.5;115;15;112;-1.5708;1.5708
122.5;115;14;104;-1.5708;1.5708
126.5;115;13;96;-1.5708;1.5708
130.5;115;12;88;-1.5708;1.5708
134.5;115;11;80;-1.5708;1.5708
138.5;115;10;72;-1.5708;1.5708
142.5;115;9;64;-1.5708;1.5708
146.5;115;8;56;-1.5708;1.5708
150.5;115;7;48;-1.5708;1.5708
154.5;115;6;40;-1.5708;1.5708
158.5;115;5;32;-1.5708;1.5708
162.5;115;4;24;-1.5708;1.5708
166.5;115;3;16;-1.5708;1.5708
170.5;115;2;8;-1.5708;1.5708
174.5;115;1;8;1.5708;4.71239
178.5;115;2;16;1.5708;4.71239
182.5;115;3;24;1.5708;4.71239
186.5;115;4;32;1.5708;4.71239
190.5;115;5;40;1.5708;4.71239
194.5;115;6;48;1.5708;4.71239
198.5;115;7;56;1.5708;4.71239
202.5;115;8;64;1.5708;4.71239
206.5;115;9;72;1.5708;4.71239
210.5;115;10;80;1.5708;4.71239
214.5;115;11;88;1.5708;4.71239
218.5;115;12;96;1.5708;4.71239
222.5;115;13;104;1.5708;4.71239
226.5;115;14;112;1.5708;4.71239
230.5;115;15;120;1.5708;4.71239
230.5;115;0;120;1.5708;4.71239
230.5;57;1;17;-3.14159;0
230.5;61;9;18;-3.14159;0
230.5;65;17;19;-3.14159;0
230.5;69;25;20;-3.14159;0
230.5;73;33;21;-3.14159;0
230.5;77;41;22;-3.14159;0
230.5;81;49;23;-3.14159;0
230.5;85;57;24;-3.14159;0
230.5;89;65;25;-3.14159;0
230.5;93;73;26;-3.14159;0
230.5;97;81;27;-3.14159;0
230.5;101;89;28;-3.14159;0
230.5;105;97;29;-3.14159;0
230.5;109;105;30;-3.14159;0
230.5;113;113;31;-3.14159;0
230.5;113;113;0;-3.14159;0
230.5;113;113;32;0;3.14159
230.5;117;105;31;0;3.14159
230.5;121;97;30;0;3.14159
230.5;125;89;29;0;3.14159
230.5;129;81;28;0;3.14159
230.5;133;73;27;0;3.14159
230.5;137;65;26;0;3.14159
230.5;141;57;25;0;3.14159
230.5;145;49;24;0;3.14159
230.5;149;41;23;0;3.14159
230.5;153;33;22;0;3.14159
230.5;157;25;21;0;3.14159
230.5;161;17;20;0;3.14159
230.5;165;9;19;0;3.14159
230.5;169;1;18;0;3.14159
230.5;115;16;120;-1.5708;1.5708
234.5;115;15;112;-1.5708;1.5708
238.5;115;14;104;-1.5708;1.5708
242.5;115;13;96;-1.5708;1.5708
246.5;115;12;88;-1.5708;1.5708
250.5;115;11;80;-1.5708;1.5708
254.5;115;10;72;-1.5708;1.5708
258.5;115;9;64;-1.5708;1.5708
262.5;115;8;56;-1.5708;1.5708
266.5;115;7;48;-1.5708;1.5708
270.5;115;6;40;-1.5708;1.5708
274.5;115;5;32;-1.5708;1.5708
278.5;115;4;24;-1.5708;1.5708
282.5;115;3;16;-1.5708;1.5708
286.5;115;2;8;-1.5708;1.5708
290.5;115;1;8;1.5708;4.71239
294.5;115;2;16;1.5708;4.71239
298.5;115;3;24;1.5708;4.71239
302.5;115;4;32;1.5708;4.71239
306.5;115;5;40;1.5708;4.71239
310.5;115;6;48;1.5708;4.71239
314.5;115;7;56;1.5708;4.71239
318.5;115;8;64;1.5708;4.71239
322.5;115;9;72;1.5708;4.71239
326.5;115;10;80;1.5708;4.71239
330.5;115;11;88;1.5708;4.71239
334.5;115;12;96;1.5708;4.71239
338.5;115;13;104;1.5708;4.71239
342.5;115;14;112;1.5708;4.71239
346.5;115;15;120;1.5708;4.71239
346.5;115;0;120;1.5708;4.71239
346.5;57;1;17;-3.14159;0
346.5;61;9;18;-3.14159;0
346.5;65;17;19;-3.14159;0
346.5;69;25;20;-3.14159;0
346.5;73;33;21;-3.14159;0
346.5;77;41;22;-3.14159;0
346.5;81;49;23;-3.14159;0
346.5;85;57;24;-3.14159;0
346.5;89;65;25;-3.14159;0
346.5;93;73;26;-3.14159;0
346.5;97;81;27;-3.14159;0
346.5;101;89;28;-3.14159;0
346.5;105;97;29;-3.14159;0
346.5;109;105;30;-3.14159;0
346.5;113;113;31;-3.14159;0
346.5;113;113;0;-3.14159;0
346.5;113;113;32;0;3.14159
346.5;117;105;31;0;3.14159
346.5;121;97;30;0;3.14159
346.5;125;89;29;0;3.14159
346.5;129;81;28;0;3.14159
346.5;133;73;27;0;3.14159
346.5;137;65;26;0;3.14159
346.5;141;57;25;0;3.14159
346.5;145;49;24;0;3.14159
346.5;149;41;23;0;3.14159
346.5;153;33;22;0;3.14159
346.5;157;25;21;0;3.14159
346.5;161;17;20;0;3.14159
346.5;165;9;19;0;3.14159
346.5;169;1;18;0;3.14159
346.5;115;16;120;-1.5708;1.5708
350.5;115;15;112;-1.5708;1.5708
354.5;115;14;104;-1.5708;1.5708
358.5;115;13;96;-1.5708;1.5708
362.5;115;12;88;-1.5708;1.5708
366.5;115;11;80;-1.5708;1.5708
370.5;115;10;72;-1.5708;1.5708
374.5;115;9;64;-1.5708;1.5708
378.5;115;8;56;-1.5708;1.5708
382.5;115;7;48;-1.5708;1.5708
386.5;115;6;40;-1.5708;1.5708
390.5;115;5;32;-1.5708;1.5708
394.5;115;4;24;-1.5708;1.5708
398.5;115;3;16;-1.5708;1.5708
402.5;115;2;8;-1.5708;1.5708
406.5;115;1;8;1.5708;4.71239
410.5;115;2;16;1.5708;4.71239
414.5;115;3;24;1.5708;4.71239
418.5;115;4;32;1.5708;4.71239
422.5;115;5;40;1.5708;4.71239
426.5;115;6;48;1.5708;4.71239
430.5;115;7;56;1.5708;4.71239
434.5;115;8;64;1.5708;4.71239
438.5;115;9;72;1.5708;4.71239
442.5;115;10;80;1.5708;4.71239
446.5;115;11;88;1.5708;4.71239
450.5;115;12;96;1.5708;4.71239
454.5;115;13;104;1.5708;4.71239
458.5;115;14;112;1.5708;4.71239
462.5;115;15;120;1.5708;4.71239
462.5;115;0;120;1.5708;4.71239
462.5;57;1;17;-3.14159;0
462.5;61;9;18;-3.14159;0
462.5;65;17;19;-3.14159;0
462.5;69;25;20;-3.14159;0
462.5;73;33;21;-3.14159;0
462.5;77;41;22;-3.14159;0
462.5;81;49;23;-3.14159;0
462.5;85;57;24;-3.14159;0
462.5;89;65;25;-3.14159;0
462.5;93;73;26;-3.14159;0
462.5;97;81;27;-3.14159;0
462.5;101;89;28;-3.14159;0
462.5;105;97;29;-3.14159;0
462.5;109;105;30;-3.14159;0
462.5;113;113;31;-3.14159;0
462.5;113;113;0;-3.14159;0
462.5;113;113;32;0;3.14159
462.5;117;105;31;0;3.14159
462.5;121;97;30;0;3.14159
462.5;125;89;29;0;3.14159
462.5;129;81;28;0;3.14159
462.5;133;73;27;0;3.14159
462.5;137;65;26;0;3.14159
462.5;141;57;25;0;3.14159
462.5;145;49;24;0;3.14159
462.5;149;41;23;0;3.14159
462.5;153;33;22;0;3.14159
462.5;157;25;21;0;3.14159
462.5;161;17;20;0;3.14159
462.5;165;9;19;0;3.14159
462.5;169;1;18;0;3.14159
462.5;115;16;120;-1.5708;1.5708
466.5;115;15;112;-1.5708;1.5708
470.5;115;14;104;-1.5708;1.5708
474.5;115;13;96;-1.5708;1.5708
478.5;115;12;88;-1.5708;1.5708
482.5;115;11;80;-1.5708;1.5708
486.5;115;10;72;-1.5708;1.5708
490.5;115;9;64;-1.5708;1.5708
494.5;115;8;56;-1.5708;1.5708
498.5;115;7;48;-1.5708;1.5708
502.5;115;6;40;-1.5708;1.5708
506.5;115;5;32;-1.5708;1.5708
510.5;115;4;24;-1.5708;1.5708
514.5;115;3;16;-1.5708;1.5708
518.5;115;2;8;-1.5708;1.5708
0;172.5;1;8;1.5708;4.71239
4;172.5;2;16;1.5708;4.71239
8;172.5;3;24;1.5708;4.71239
12;172.5;4;32;1.5708;4.71239
16;172.5;5;40;1.5708;4.71239
20;172.5;6;48;1.5708;4.71239
24;172.5;7;56;1.5708;4.71239
28;172.5;8;64;1.5708;4.71239
32;172.5;9;72;1.5708;4.71239
36;172.5;10;80;1.5708;4.71239
40;172.5;11;88;1.5708;4.71239
44;172.5;12;96;1.5708;4.71239
48;172.5;13;104;1.5708;4.71239
52;172.5;14;112;1.5708;4.71239
56;172.5;15;120;1.5708;4.71239
56;172.5;0;120;1.5708;4.71239
56;114;1;17;-3.14159;0
56;118;9;18;-3.14159;0
56;122;17;19;-3.14159;0
56;126;25;20;-3.14159;0
56;130;33;21;-3.14159;0
56;134;41;22;-3.14159;0
56;138;49;23;-3.14159;0
56;142;57;24;-3.14159;0
56;146;65;25;-3.14159;0
56;150;73;26;-3.14159;0
56;154;81;27;-3.14159;0
56;158;89;28;-3.14159;0
56;162;97;29;-3.14159;0
56;166;105;30;-3.14159;0
56;170;113;31;-3.14159;0
56;170;113;0;-3.14159;0
56;170;113;32;0;3.14159
56;174;105;31;0;3.14159
56;178;97;30;0;3.14159
56;182;89;29;0;3.14159
56;186;81;28;0;3.14159
56;190;73;27;0;3.14159
56;194;65;26;0;3.14159
56;198;57;25;0;3.14159
56;202;49;24;0;3.14159
56;206;41;23;0;3.14159
56;210;33;22;0;3.14159
56;214;25;21;0;3.14159
56;218;17;20;0;3.14159
56;222;9;19;0;3.14159
56;226;1;18;0;3.14159
56;172.5;16;120;-1.5708;1.5708
60;172.5;15;112;-1.5708;1.5708
64;172.5;14;104;-1.5708;1.5708
68;172.5;13;96;-1.5708;1.5708
72;172.5;12;88;-1.5708;1.5708
76;172.5;11;80;-1.5708;1.5708
80;172.5;10;72;-1.5708;1.5708
84;172.5;9;64;-1.5708;1.5708
88;172.5;8;56;-1.5708;1.5708
92;172.5;7;48;-1.5708;1.5708
96;172.5;6;40;-1.5708;1.5708
100;172.5;5;32;-1.5708;1.5708
104;172.5;4;24;-1.5708;1.5708
108;172.5;3;16;-1.5708;1.5708
112;172.5;2;8;-1.5708;1.5708
116;172.5;1;8;1.5708;4.71239
120;172.5;2;16;1.5708;4.71239
124;172.5;3;24;1.5708;4.71239
128;172.5;4;32;1.5708;4.71239
132;172.5;5;40;1.5708;4.71239
136;172.5;6;48;1.5708;4.71239
140;172.5;7;56;1.5708;4.71239
144;172.5;8;64;1.5708;4.71239
148;172.5;9;72;1.5708;4.71239
152;172.5;10;80;1.5708;4.71239
156;172.5;11;88;1.5708;4.71239
160;172.5;12;96;1.5708;4.71239
164;172.5;13;104;1.5708;4.71239
168;172.5;14;112;1.5708;4.71239
172;172.5;15;120;1.5708;4.71239
172;172.5;0;120;1.5708;4.71239
172;114;1;17;-3.14159;0
172;118;9;18;-3.14159;0
172;122;17;19;-3.14159;0
172;126;25;20;-3.14159;0
172;130;33;21;-3.14159;0
172;134;41;22;-3.14159;0
172;138;49;23;-3.14159;0
172;142;57;24;-3.14159;0
172;146;65;25;-3.14159;0
172;150;73;26;-3.14159;0
172;154;81;27;-3.14159;0
172;158;89;28;-3.14159;0
172;162;97;29;-3.14159;0
172;166;105;30;-3.14159;0
172;170;113;31;-3.14159;0
172;170;113;0;-3.14159;0
172;170;113;32;0;3.14159
172;174;105;31;0;3.14159
172;178;97;30;0;3.14159
172;182;89;29;0;3.14159
172;186;81;28;0;3.14159
172;190;73;27;0;3.14159
172;194;65;26;0;3.14159
172;198;57;25;0;3.14159
172;202;49;24;0;3.14159
172;206;41;23;0;3.14159
172;210;33;22;0;3.14159
172;214;25;21;0;3.14159
172;218;17;20;0;3.14159
172;222;9;19;0;3.14159
172;226;1;18;0;3.14159
172;172.5;16;120;-1.5708;1.5708
176;172.5;15;112;-1.5708;1.5708
180;172.5;14;104;-1.5708;1.5708
184;172.5;13;96;-1.5708;1.5708
188;172.5;12;88;-1.5708;1.5708
192;172.5;11;80;-1.5708;1.5708
196;172.5;10;72;-1.5708;1.5708
200;172.5;9;64;-1.5708;1.5708
204;172.5;8;56;-1.5708;1.5708
208;172.5;7;48;-1.5708;1.5708
212;172.5;6;40;-1.5708;1.5708
216;172.5;5;32;-1.5708;1.5708
220;172.5;4;24;-1.5708;1.5708
224;172.5;3;16;-1.5708;1.5708
228;172.5;2;8;-1.5708;1.5708
232;172.5;1;8;1.5708;4.71239
236;172.5;2;16;1.5708;4.71239
240;172.5;3;24;1.5708;4.71239
244;172.5;4;32;1.5708;4.71239
248;172.5;5;40;1.5708;4.71239
252;172.5;6;48;1.5708;4.71239
256;172.5;7;56;1.5708;4.71239
260;172.5;8;64;1.5708;4.71239
264;172.5;9;72;1.5708;4.71239
268;172.5;10;80;1.5708;4.71239
272;172.5;11;88;1.5708;4.71239
276;172.5;12;96;1.5708;4.71239
280;172.5;13;104;1.5708;4.71239
284;172.5;14;112;1.5708;4.71239
288;172.5;15;120;1.5708;4.71239
288;172.5;0;120;1.5708;4.71239
288;114;1;17;-3.14159;0
288;118;9;18;-3.14159;0
288;122;17;19;-3.14159;0
288;126;25;20;-3.14159;0
288;130;33;21;-3.14159;0
288;134;41;22;-3.14159;0
288;138;49;23;-3.14159;0
288;142;57;24;-3.14159;0
288;146;65;25;-3.14159;0
288;150;73;26;-3.14159;0
288;154;81;27;-3.14159;0
288;158;89;28;-3.14159;0
288;162;97;29;-3.14159;0
288;166;105;30;-3.14159;0
288;170;113;31;-3.14159;0
288;170;113;0;-3.14159;0
288;170;113;32;0;3.14159
288;174;105;31;0;3.14159
288;178;97;30;0;3.14159
288;182;89;29;0;3.14159
288;186;81;28;0;3.14159
288;190;73;27;0;3.14159
288;194;65;26;0;3.14159
288;198;57;25;0;3.14159
288;202;49;24;0;3.14159
288;206;41;23;0;3.14159
288;210;33;22;0;3.14159
288;214;25;21;0;3.14159
288;218;17;20;0;3.14159
288;222;9;19;0;3.14159
288;226;1;18;0;3.14159
288;172.5;16;120;-1.5708;1.5708
292;172.5;15;112;-1.5708;1.5708
296;172.5;14;104;-1.5708;1.5708
300;172.5;13;96;-1.5708;1.5708
304;172.5;12;88;-1.5708;1.5708
308;172.5;11;80;-1.5708;1.5708
312;172.5;10;72;-1.5708;1.5708
316;172.5;9;64;-1.5708;1.5708
320;172.5;8;56;-1.5708;1.5708
324;172.5;7;48;-1.5708;1.5708
328;172.5;6;40;-1.5708;1.5708
332;172.5;5;32;-1.5708;1.5708
336;172.5;4;24;-1.5708;1.5708
340;172.5;3;16;-1.5708;1.5708
344;172.5;2;8;-1.5708;1.5708
348;172.5;1;8;1.5708;4.71239
352;172.5;2;16;1.5708;4.71239
356;172.5;3;24;1.5708;4.71239
360;172.5;4;32;1.5708;4.71239
364;172.5;5;40;1.5708;4.71239
368;172.5;6;48;1.5708;4.71239
372;172.5;7;56;1.5708;4.71239
376;172.5;8;64;1.5708;4.71239
380;172.5;9;72;1.5708;4.71239
384;172.5;10;80;1.5708;4.71239
388;172.5;11;88;1.5708;4.71239
392;172.5;12;96;1.5708;4.71239
396;172.5;13;104;1.5708;4.71239
400;172.5;14;112;1.5708;4.71239
404;172.5;15;120;1.5708;4.71239
404;172.5;0;120;1.5708;4.71239
404;114;1;17;-3.14159;0
404;118;9;18;-3.14159;0
404;122;17;19;-3.14159;0
404;126;25;20;-3.14159;0
404;130;33;21;-3.14159;0
404;134;41;22;-3.14159;0
404;138;49;23;-3.14159;0
404;142;57;24;-3.14159;0
404;146;65;25;-3.14159;0
404;150;73;26;-3.14159;0
404;154;81;27;-3.14159;0
404;158;89;28;-3.14159;0
404;162;97;29;-3.14159;0
404;166;105;30;-3.14159;0
404;170;113;31;-3.14159;0
404;170;113;0;-3.14159;0
404;170;113;32;0;3.14159
404;174;105;31;0;3.14159
404;178;97;30;0;3.14159
404;182;89;29;0;3.14159
404;186;81;28;0;3.14159
404;190;73;27;0;3.14159
404;194;65;26;0;3.14159
404;198;57;25;0;3.14159
404;202;49;24;0;3.14159
404;206;41;23;0;3.14159
404;210;33;22;0;3.14159
404;214;25;21;0;3.14159
404;218;17;20;0;3.14159
404;222;9;19;0;3.14159
404;226;1;18;0;3.14159
404;172.5;16;120;-1.5708;1.5708
408;172.5;15;112;-1.5708;1.5708
412;172.5;14;104;-1.5708;1.5708
416;172.5;13;96;-1.5708;1.5708
420;172.5;12;88;-1.5708;1.5708
424;172.5;11;80;-1.5708;1.5708
428;172.5;10;72;-1.5708;1.5708
432;172.5;9;64;-1.5708;1.5708
436;172.5;8;56;-1.5708;1.5708
440;172.5;7;48;-1.5708;1.5708
444;172.5;6;40;-1.5708;1.5708
448;172.5;5;32;-1.5708;1.5708
452;172.5;4;24;-1.5708;1.5708
456;172.5;3;16;-1.5708;1.5708
460;172.5;2;8;-1.5708;1.5708
464;172.5;1;8;1.5708;4.71239
468;172.5;2;16;1.5708;4.71239
472;172.5;3;24;1.5708;4.71239
476;172.5;4;32;1.5708;4.71239
480;172.5;5;40;1.5708;4.71239
484;172.5;6;48;1.5708;4.71239
488;172.5;7;56;1.5708;4.71239
492;172.5;8;64;1.5708;4.71239
496;172.5;9;72;1.5708;4.71239
500;172.5;10;80;1.5708;4.71239
504;172.5;11;88;1.5708;4.71239
508;172.5;12;96;1.5708;4.71239
512;172.5;13;104;1.5708;4.71239
516;172.5;14;112;1.5708;4.71239
520;172.5;15;120;1.5708;4.71239
520;172.5;0;120;1.5708;4.71239
520;114;1;17;-3.14159;0
520;118;9;18;-3.14159;0
520;122;17;19;-3.14159;0
520;126;25;20;-3.14159;0
520;130;33;21;-3.14159;0
520;134;41;22;-3.14159;0
520;138;49;23;-3.14159;0
520;142;57;24;-3.14159;0
520;146;65;25;-3.14159;0
520;150;73;26;-3.14159;0
520;154;81;27;-3.14159;0
520;158;89;28;-3.14159;0
520;162;97;29;-3.14159;0
520;166;105;30;-3.14159;0
520;170;113;31;-3.14159;0
520;170;113;0;-3.14159;0
520;170;113;32;0;3.14159
520;174;105;31;0;3.14159
520;178;97;30;0;3.14159
520;182;89;29;0;3.14159
520;186;81;28;0;3.14159
520;190;73;27;0;3.14159
520;194;65;26;0;3.14159
520;198;57;25;0;3.14159
520;202;49;24;0;3.14159
520;206;41;23;0;3.14159
520;210;33;22;0;3.14159
520;214;25;21;0;3.14159
520;218;17;20;0;3.14159
520;222;9;19;0;3.14159
520;226;1;18;0;3.14159
520;172.5;16;120;-1.5708;1.5708
524;172.5;15;112;-1.5708;1.5708
528;172.5;14;104;-1.5708;1.5708
532;172.5;13;96;-1.5708;1.5708
536;172.5;12;88;-1.5708;1.5708
540;172.5;11;80;-1.5708;1.5708
544;172.5;10;72;-1.5708;1.5708
548;172.5;9;64;-1.5708;1.5708
552;172.5;8;56;-1.5708;1.5708
556;172.5;7;48;-1.5708;1.5708
560;172.5;6;40;-1.5708;1.5708
564;172.5;5;32;-1.5708;1.5708
568;172.5;4;24;-1.5708;1.5708
572;172.5;3;16;-1.5708;1.5708
576;172.5;2;8;-1.5708;1.5708
-57.5;230;1;8;1.5708;4.71239
-53.5;230;2;16;1.5708;4.71239
-49.5;230;3;24;1.5708;4.71239
-45.5;230;4;32;1.5708;4.71239
-41.5;230;5;40;1.5708;4.71239
-37.5;230;6;48;1.5708;4.71239
-33.5;230;7;56;1.5708;4.71239
-29.5;230;8;64;1.5708;4.71239
-25.5;230;9;72;1.5708;4.71239
-21.5;230;10;80;1.5708;4.71239
-17.5;230;11;88;1.5708;4.71239
-13.5;230;12;96;1.5708;4.71239
-9.5;230;13;104;1.5708;4.71239
-5.5;230;14;112;1.5708;4.71239
-1.5;230;15;120;1.5708;4.71239
-1.5;230;0;120;1.5708;4.71239
-1.5;171;1;17;-3.14159;0
-1.5;175;9;18;-3.14159;0
-1.5;179;17;19;-3.14159;0
-1.5;183;25;20;-3.14159;0
-1.5;187;33;21;-3.14159;0
-1.5;191;41;22;-3.14159;0
-1.5;195;49;23;-3.14159;0
-1.5;199;57;24;-3.14159;0
-1.5;203;65;25;-3.14159;0
-1.5;207;73;26;-3.14159;0
-1.5;211;81;27;-3.14159;0
-1.5;215;89;28;-3.14159;0
-1.5;219;97;29;-3.14159;0
-1.5;223;105;30;-3.14159;0
-1.5;227;113;31;-3.14159;0
-1.5;227;113;0;-3.14159;0
-1.5;227;113;32;0;3.14159
-1.5;231;105;31;0;3.14159
-1.5;235;97;30;0;3.14159
-1.5;239;89;29;0;3.14159
-1.5;243;81;28;0;3.14159
-1.5;247;73;27;0;3.14159
-1.5;251;65;26;0;3.14159
-1.5;255;57;25;0;3.14159
-1.5;259;49;24;0;3.14159
-1.5;263;41;23;0;3.14159
-1.5;267;33;22;0;3.14159
-1.5;271;25;21;0;3.14159
-1.5;275;17;20;0;3.14159
-1.5;279;9;19;0;3.14159
-1.5;283;1;18;0;3.14159
-1.5;230;16;120;-1.5708;1.5708
2.5;230;15;112;-1.5708;1.5708
6.5;230;14;104;-1.5708;1.5708
10.5;230;13;96;-1.5708;1.5708
14.5;230;12;88;-1.5708;1.5708
18.5;230;11;80;-1.5708;1.5708
22.5;230;10;72;-1.5708;1.5708
26.5;230;9;64;-1.5708;1.5708
30.5;230;8;56;-1.5708;1.5708
34.5;230;7;48;-1.5708;1.5708
38.5;230;6;40;-1.5708;1.5708
42.5;230;5;32;-1.5708;1.5708
46.5;230;4;24;-1.5708;1.5708
50.5;230;3;16;-1.5708;1.5708
54.5;230;2;8;-1.5708;1.5708
58.5;230;1;8;1.5708;4.71239
62.5;230;2;16;1.5708;4.71239
66.5;230;3;24;1.5708;4.71239
70.5;230;4;32;1.5708;4.71239
74.5;230;5;40;1.5708;4.71239
78.5;230;6;48;1.5708;4.71239
82.5;230;7;56;1.5708;4.71239
86.5;230;8;64;1.5708;4.71239
90.5;230;9;72;1.5708;4.71239
94.5;230;10;80;1.5708;4.71239
98.5;230;11;88;1.5708;4.71239
102.5;230;12;96;1.5708;4.71239
106.5;230;13;104;1.5708;4.71239
110.5;230;14;112;1.5708;4.71239
114.5;230;15;120;1.5708;4.71239
114.5;230;0;120;1.5708;4.71239
114.5;171;1;17;-3.14159;0
114.5;175;9;18;-3.14159;0
114.5;179;17;19;-3.14159;0
114.5;183;25;20;-3.14159;0
114.5;187;33;21;-3.14159;0
114.5;191;41;22;-3.14159;0
114.5;195;49;23;-3.14159;0
114.5;199;57;24;-3.14159;0
114.5;203;65;25;-3.14159;0
114.5;207;73;26;-3.14159;0
114.5;211;81;27;-3.14159;0
114.5;215;89;28;-3.14159;0
114.5;219;97;29;-3.14159;0
114.5;223;105;30;-3.14159;0
114.5;227;113;31;-3.14159;0
114.5;227;113;0;-3.14159;0
114.5;227;113;32;0;3.14159
114.5;231;105;31;0;3.14159
114.5;235;97;30;0;3.14159
114.5;239;89;29;0;3.14159
114.5;243;81;28;0;3.14159
114.5;247;73;27;0;3.14159
114.5;251;65;26;0;3.14159
114.5;255;57;25;0;3.14159
114.5;259;49;24;0;3.14159
114.5;263;41;23;0;3.14159
114.5;267;33;22;0;3.14159
114.5;271;25;21;0;3.14159
114.5;275;17;20;0;3.14159
114.5;279;9;19;0;3.14159
114.5;283;1;18;0;3.14159
114.5;230;16;120;-1.5708;1.5708
118.5;230;15;112;-1.5708;1.5708
122.5;230;14;104;-1.5708;1.5708
126.5;230;13;96;-1.5708;1.5708
130.5;230;12;88;-1.5708;1.5708
134.5;230;11;80;-1.5708;1.5708
138.5;230;10;72;-1.5708;1.5708
142.5;230;9;64;-1.5708;1.5708
146.5;230;8;56;-1.5708;1.5708
150.5;230;7;48;-1.5708;1.5708
154.5;230;6;40;-1.5708;1.5708
158.5;230;5;32;-1.5708;1.5708
162.5;230;4;24;-1.5708;1.5708
166.5;230;3;16;-1.5708;1.5708
170.5;230;2;8;-1.5708;1.5708
174.5;230;1;8;1.5708;4.71239
178.5;230;2;16;1.5708;4.71239
182.5;230;3;24;1.5708;4.71239
186.5;230;4;32;1.5708;4.71239
190.5;230;5;40;1.5708;4.71239
194.5;230;6;48;1.5708;4.71239
198.5;230;7;56;1.5708;4.71239
202.5;230;8;64;1.5708;4.71239
206.5;230;9;72;1.5708;4.71239
210.5;230;10;80;1.5708;4.71239
214.5;230;11;88;1.5708;4.71239
218.5;230;12;96;1.5708;4.71239
222.5;230;13;104;1.5708;4.71239
226.5;230;14;112;1.5708;4.71239
230.5;230;15;120;1.5708;4.71239
230.5;230;0;120;1.5708;4.71239
230.5;171;1;17;-3.14159;0
230.5;175;9;18;-3.14159;0
230.5;179;17;19;-3.14159;0
230.5;183;25;20;-3.14159;0
230.5;187;33;21;-3.14159;0
230.5;191;41;22;-3.14159;0
230.5;195;49;23;-3.14159;0
230.5;199;57;24;-3.14159;0
230.5;203;65;25;-3.14159;0
230.5;207;73;26;-3.14159;0
230.5;211;81;27;-3.14159;0
230.5;215;89;28;-3.14159;0
230.5;219;97;29;-3.14159;0
230.5;223;105;30;-3.14159;0
230.5;227;113;31;-3.14159;0
230.5;227;113;0;-3.14159;0
230.5;227;113;32;0;3.14159
230.5;231;105;31;0;3.14159
230.5;235;97;30;0;3.14159
230.5;239;89;29;0;3.14159
230.5;243;81;28;0;3.14159
230.5;247;73;27;0;3.14159
230.5;251;65;26;0;3.14159
230.5;255;57;25;0;3.14159
230.5;259;49;24;0;3.14159
230.5;263;41;23;0;3.14159
230.5;267;33;22;0;3.14159
230.5;271;25;21;0;3.14159
230.5;275;17;20;0;3.14159
230.5;279;9;19;0;3.14159
230.5;283;1;18;0;3.14159
230.5;230;16;120;-1.5708;1.5708
234.5;230;15;112;-1.5708;1.5708
238.5;230;14;104;-1.5708;1.5708
242.5;230;13;96;-1.5708;1.5708
246.5;230;12;88;-1.5708;1.5708
250.5;230;11;80;-1.5708;1.5708
254.5;230;10;72;-1.5708;1.5708
258.5;230;9;64;-1.5708;1.5708
262.5;230;8;56;-1.5708;1.5708
266.5;230;7;48;-1.5708;1.5708
270.5;230;6;40;-1.5708;1.5708
274.5;230;5;32;-1.5708;1.5708
278.5;230;4;24;-1.5708;1.5708
282.5;230;3;16;-1.5708;1.5708
286.5;230;2;8;-1.5708;1.5708
290.5;230;1;8;1.5708;4.71239
294.5;230;2;16;1.5708;4.71239
298.5;230;3;24;1.5708;4.71239
302.5;230;4;32;1.5708;4.71239
306.5;230;5;40;1.5708;4.71239
310.5;230;6;48;1.5708;4.71239
314.5;230;7;56;1.5708;4.71239
318.5;230;8;64;1.5708;4.71239
322.5;230;9;72;1.5708;4.71239
326.5;230;10;80;1.5708;4.71239
330.5;230;11;88;1.5708;4.71239
334.5;230;12;96;1.5708;4.71239
338.5;230;13;104;1.5708;4.71239
342.5;230;14;112;1.5708;4.71239
346.5;230;15;120;1.5708;4.71239
346.5;230;0;120;1.5708;4.71239
346.5;171;1;17;-3.14159;0
346.5;175;9;18;-3.14159;0
346.5;179;17;19;-3.14159;0
346.5;183;25;20;-3.14159;0
346.5;187;33;21;-3.14159;0
346.5;191;41;22;-3.14159;0
346.5;195;49;23;-3.14159;0
346.5;199;57;24;-3.14159;0
346.5;203;65;25;-3.14159;0
346.5;207;73;26;-3.14159;0
346.5;211;81;27;-3.14159;0
346.5;215;89;28;-3.14159;0
346.5;219;97;29;-3.14159;0
346.5;223;105;30;-3.14159;0
346.5;227;113;31;-3.14159;0
346.5;227;113;0;-3.14159;0
346.5;227;113;32;0;3.14159
346.5;231;105;31;0;3.14159
346.5;235;97;30;0;3.14159
346.5;239;89;29;0;3.14159
346.5;243;81;28;0;3.14159
346.5;247;73;27;0;3.14159
346.5;251;65;26;0;3.14159
346.5;255;57;25;0;3.14159
346.5;259;49;24;0;3.14159
346.5;263;41;23;0;3.14159
346.5;267;33;22;0;3.14159
346.5;271;25;21;0;3.14159
346.5;275;17;20;0;3.14159
346.5;279;9;19;0;3.14159
346.5;283;1;18;0;3.14159
346.5;230;16;120;-1.5708;1.5708
350.5;230;15;112;-1.5708;1.5708
354.5;230;14;104;-1.5708;1.5708
358.5;230;13;96;-1.5708;1.5708
362.5;230;12;88;-1.5708;1.5708
366.5;230;11;80;-1.5708;1.5708
370.5;230;10;72;-1.5708;1.5708
374.5;230;9;64;-1.5708;1.5708
378.5;230;8;56;-1.5708;1.5708
382.5;230;7;48;-1.5708;1.5708
386.5;230;6;40;-1.5708;1.5708
390.5;230;5;32;-1.5708;1.5708
394.5;230;4;24;-1.5708;1.5708
398.5;230;3;16;-1.5708;1.5708
402.5;230;2;8;-1.5708;1.5708
406.5;230;1;8;1.5708;4.71239
410.5;230;2;16;1.5708;4.71239
414.5;230;3;24;1.5708;4.71239
418.5;230;4;32;1.5708;4.71239
422.5;230;5;40;1.5708;4.71239
426.5;230;6;48;1.5708;4.71239
430.5;230;7;56;1.5708;4.71239
434.5;230;8;64;1.5708;4.71239
438.5;230;9;72;1.5708;4.71239
442.5;230;10;80;1.5708;4.71239
446.5;230;11;88;1.5708;4.71239
450.5;230;12;96;1.5708;4.71239
454.5;230;13;104;1.5708;4.71239
458.5;230;14;112;1.5708;4.71239
462.5;230;15;120;1.5708;4.71239
462.5;230;0;120;1.5708;4.71239
462.5;171;1;17;-3.14159;0
462.5;175;9;18;-3.14159;0
462.5;179;17;19;-3.14159;0
462.5;183;25;20;-3.14159;0
462.5;187;33;21;-3.14159;0
462.5;191;41;22;-3.14159;0
462.5;195;49;23;-3.14159;0
462.5;199;57;24;-3.14159;0
462.5;203;65;25;-3.14159;0
462.5;207;73;26;-3.14159;0
462.5;211;81;27;-3.14159;0
462.5;215;89;28;-3.14159;0
462.5;219;97;29;-3.14159;0
462.5;223;105;30;-3.14159;0
462.5;227;113;31;-3.14159;0
462.5;227;113;0;-3.14159;0
462.5;227;113;32;0;3.14159
462.5;231;105;31;0;3.14159
462.5;235;97;30;0;3.14159
462.5;239;89;29;0;3.14159
462.5;243;81;28;0;3.14159
462.5;247;73;27;0;3.14159
462.5;251;65;26;0;3.14159
462.5;255;57;25;0;3.14159
462.5;259;49;24;0;3.14159
462.5;263;41;23;0;3.14159
462.5;267;33;22;0;3.14159
462.5;271;25;21;0;3.14159
462.5;275;17;20;0;3.14159
462.5;279;9;19;0;3.14159
462.5;283;1;18;0;3.14159
462.5;230;16;120;-1.5708;1.5708
466.5;230;15;112;-1.5708;1.5708
470.5;230;14;104;-1.5708;1.5708
474.5;230;13;96;-1.5708;1.5708
478.5;230;12;88;-1.5708;1.5708
482.5;230;11;80;-1.5708;1.5708
486.5;230;10;72;-1.5708;1.5708
490.5;230;9;64;-1.5708;1.5708
494.5;230;8;56;-1.5708;1.5708
498.5;230;7;48;-1.5708;1.5708
502.5;230;6;40;-1.5708;1.5708
506.5;230;5;32;-1.5708;1.5708
510.5;230;4;24;-1.5708;1.5708
514.5;230;3;16;-1.5708;1.5708
518.5;230;2;8;-1.5708;1.5708
0;287.5;1;8;1.5708;4.71239
4;287.5;2;16;1.5708;4.71239
8;287.5;3;24;1.5708;4.71239
12;287.5;4;32;1.5708;4.71239
16;287.5;5;40;1.5708;4.71239
20;287.5;6;48;1.5708;4.71239
24;287.5;7;56;1.5708;4.71239
28;287.5;8;64;1.5708;4.71239
32;287.5;9;72;1.5708;4.71239
36;287.5;10;80;1.5708;4.71239
40;287.5;11;88;1.5708;4.71239
44;287.5;12;96;1.5708;4.71239
48;287.5;13;104;1.5708;4.71239
52;287.5;14;112;1.5708;4.71239
56;287.5;15;120;1.5708;4.71239
56;287.5;0;120;1.5708;4.71239
56;228;1;17;-3.14159;0
56;232;9;18;-3.14159;0
56;236;17;19;-3.14159;0
56;240;25;20;-3.14159;0
56;244;33;21;-3.14159;0
56;248;41;22;-3.14159;0
56;252;49;23;-3.14159;0
56;256;57;24;-3.14159;0
56;260;65;25;-3.14159;0
56;264;73;26;-3.14159;0
56;268;81;27;-3.14159;0
56;272;89;28;-3.14159;0
56;276;97;29;-3.14159;0
56;280;105;30;-3.14159;0
56;284;113;31;-3.14159;0
56;284;113;0;-3.14159;0
56;284;113;32;0;3.14159
56;288;105;31;0;3.14159
56;292;97;30;0;3.14159
56;296;89;29;0;3.14159
56;300;81;28;0;3.14159
56;304;73;27;0;3.14159
56;308;65;26;0;3.14159
56;312;57;25;0;3.14159
56;316;49;24;0;3.14159
56;320;41;23;0;3.14159
56;324;33;22;0;3.14159
56;328;25;21;0;3.14159
56;332;17;20;0;3.14159
56;336;9;19;0;3.14159
56;340;1;18;0;3.14159
56;287.5;16;120;-1.5708;1.5708
60;287.5;15;112;-1.5708;1.5708
64;287.5;14;104;-1.5708;1.5708
68;287.5;13;96;-1.5708;1.5708
72;287.5;12;88;-1.5708;1.5708
76;287.5;11;80;-1.5708;1.5708
80;287.5;10;72;-1.5708;1.5708
84;287.5;9;64;-1.5708;1.5708
88;287.5;8;56;-1.5708;1.5708
92;287.5;7;48;-1.5708;1.5708
96;287.5;6;40;-1.5708;1.5708
100;287.5;5;32;-1.5708;1.5708
104;287.5;4;24;-1.5708;1.5708
108;287.5;3;16;-1.5708;1.5708
112;287.5;2;8;-1.5708;1.5708
116;287.5;1;8;1.5708;4.71239
120;287.5;2;16;1.5708;4.71239
124;287.5;3;24;1.5708;4.71239
128;287.5;4;32;1.5708;4.71239
132;287.5;5;40;1.5708;4.71239
136;287.5;6;48;1.5708;4.71239
140;287.5;7;56;1.5708;4.71239
144;287.5;8;64;1.5708;4.71239
148;287.5;9;72;1.5708;4.71239
152;287.5;10;80;1.5708;4.71239
156;287.5;11;88;1.5708;4.71239
160;287.5;12;96;1.5708;4.71239
164;287.5;13;104;1.5708;4.71239
168;287.5;14;112;1.5708;4.71239
172;287.5;15;120;1.5708;4.71239
172;287.5;0;120;1.5708;4.71239
172;228;1;17;-3.14159;0
172;232;9;18;-3.14159;0
172;236;17;19;-3.14159;0
172;240;25;20;-3.14159;0
172;244;33;21;-3.14159;0
172;248;41;22;-3.14159;0
172;252;49;23;-3.14159;0
172;256;57;24;-3.14159;0
172;260;65;25;-3.14159;0
172;264;73;26;-3.14159;0
172;268;81;27;-3.14159;0
172;272;89;28;-3.14159;0
172;276;97;29;-3.14159;0
172;280;105;30;-3.14159;0
172;284;113;31;-3.14159;0
172;284;113;0;-3.14159;0
172;284;113;32;0;3.14159
172;288;105;31;0;3.14159
172;292;97;30;0;3.14159
172;296;89;29;0;3.14159
172;300;81;28;0;3.14159
172;304;73;27;0;3.14159
172;308;65;26;0;3.14159
172;312;57;25;0;3.14159
172;316;49;24;0;3.14159
172;320;41;23;0;3.14159
172;324;33;22;0;3.14159
172;328;25;21;0;3.14159
172;332;17;20;0;3.14159
172;336;9;19;0;3.14159
172;340;1;18;0;3.14159
172;287.5;16;120;-1.5708;1.5708
176;287.5;15;112;-1.5708;1.5708
180;287.5;14;104;-1.5708;1.5708
184;287.5;13;96;-1.5708;1.5708
188;287.5;12;88;-1.5708;1.5708
192;287.5;11;80;-1.5708;1.5708
196;287.5;10;72;-1.5708;1.5708
200;287.5;9;64;-1.5708;1.5708
204;287.5;8;56;-1.5708;1.5708
208;287.5;7;48;-1.5708;1.5708
212;287.5;6;40;-1.5708;1.5708
216;287.5;5;32;-1.5708;1.5708
220;287.5;4;24;-1.5708;1.5708
224;287.5;3;16;-1.5708;1.5708
228;287.5;2;8;-1.5708;1.5708
232;287.5;1;8;1.5708;4.71239
236;287.5;2;16;1.5708;4.71239
240;287.5;3;24;1.5708;4.71239
244;287.5;4;32;1.5708;4.71239
248;287.5;5;40;1.5708;4.71239
252;287.5;6;48;1.5708;4.71239
256;287.5;7;56;1.5708;4.71239
260;287.5;8;64;1.5708;4.71239
264;287.5;9;72;1.5708;4.71239
268;287.5;10;80;1.5708;4.71239
272;287.5;11;88;1.5708;4.71239
276;287.5;12;96;1.5708;4.71239
280;287.5;13;104;1.5708;4.71239
284;287.5;14;112;1.5708;4.71239
288;287.5;15;120;1.5708;4.71239
288;287.5;0;120;1.5708;4.71239
288;228;1;17;-3.14159;0
288;232;9;18;-3.14159;0
288;236;17;19;-3.14159;0
288;240;25;20;-3.14159;0
288;244;33;21;-3.14159;0
288;248;41;22;-3.14159;0
288;252;49;23;-3.14159;0
288;256;57;24;-3.14159;0
288;260;65;25;-3.14159;0
288;264;73;26;-3.14159;0
288;268;81;27;-3.14159;0
288;272;89;28;-3.14159;0
288;276;97;29;-3.14159;0
288;280;105;30;-3.14159;0
288;284;113;31;-3.14159;0
288;284;113;0;-3.14159;0
288;284;113;32;0;3.14159
288;288;105;31;0;3.14159
288;292;97;30;0;3.14159
288;296;89;29;0;3.14159
288;300;81;28;0;3.14159
288;304;73;27;0;3.14159
288;308;65;26;0;3.14159
288;312;57;25;0;3.14159
288;316;49;24;0;3.14159
288;320;41;23;0;3.14159
288;324;33;22;0;3.14159
288;328;25;21;0;3.14159
288;332;17;20;0;3.14159
288;336;9;19;0;3.14159
288;340;1;18;0;3.14159
288;287.5;16;120;-1.5708;1.5708
292;287.5;15;112;-1.5708;1.5708
296;287.5;14;104;-1.5708;1.5708
300;287.5;13;96;-1.5708;1.5708
304;287.5;12;88;-1.5708;1.5708
308;287.5;11;80;-1.5708;1.5708
312;287.5;10;72;-1.5708;1.5708
316;287.5;9;64;-1.5708;1.5708
320;287.5;8;56;-1.5708;1.5708
324;287.5;7;48;-1.5708;1.5708
328;287.5;6;40;-1.5708;1.5708
332;287.5;5;32;-1.5708;1.5708
336;287.5;4;24;-1.5708;1.5708
340;287.5;3;16;-1.5708;1.5708
344;287.5;2;8;-1.5708;1.5708
348;287.5;1;8;1.5708;4.71239
352;287.5;2;16;1.5708;4.71239
356;287.5;3;24;1.5708;4.71239
360;287.5;4;32;1.5708;4.71239
364;287.5;5;40;1.5708;4.71239
368;287.5;6;48;1.5708;4.71239
372;287.5;7;56;1.5708;4.71239
376;287.5;8;64;1.5708;4.71239
380;287.5;9;72;1.5708;4.71239
384;287.5;10;80;1.5708;4.71239
388;287.5;11;88;1.5708;4.71239
392;287.5;12;96;1.5708;4.71239
396;287.5;13;104;1.5708;4.71239
400;287.5;14;112;1.5708;4.71239
404;287.5;15;120;1.5708;4.71239
404;287.5;0;120;1.5708;4.71239
404;228;1;17;-3.14159;0
404;232;9;18;-3.14159;0
404;236;17;19;-3.14159;0
404;240;25;20;-3.14159;0
404;244;33;21;-3.14159;0
404;248;41;22;-3.14159;0
404;252;49;23;-3.14159;0
404;256;57;24;-3.14159;0
404;260;65;25;-3.14159;0
404;264;73;26;-3.14159;0
404;268;81;27;-3.14159;0
404;272;89;28;-3.14159;0
404;276;97;29;-3.14159;0
404;280;105;30;-3.14159;0
404;284;113;31;-3.14159;0
404;284;113;0;-3.14159;0
404;284;113;32;0;3.14159
404;288;105;31;0;3.14159
404;292;97;30;0;3.14159
404;296;89;29;0;3.14159
404;300;81;28;0;3.14159
404;304;73;27;0;3.14159
404;308;65;26;0;3.14159
404;312;57;25;0;3.14159
404;316;49;24;0;3.14159
404;320;41;23;0;3.14159
404;324;33;22;0;3.14159
404;328;25;21;0;3.14159
404;332;17;20;0;3.14159
404;336;9;19;0;3.14159
404;340;1;18;0;3.14159
404;287.5;16;120;-1.5708;1.5708
408;287.5;15;112;-1.5708;1.5708
412;287.5;14;104;-1.5708;1.5708
416;287.5;13;96;-1.5708;1.5708
420;287.5;12;88;-1.5708;1.5708
424;287.5;11;80;-1.5708;1.5708
428;287.5;10;72;-1.5708;1.5708
432;287.5;9;64;-1.5708;1.5708
436;287.5;8;56;-1.5708;1.5708
440;287.5;7;48;-1.5708;1.5708
444;287.5;6;40;-1.5708;1.5708
448;287.5;5;32;-1.5708;1.5708
452;287.5;4;24;-1.5708;1.5708
456;287.5;3;16;-1.5708;1.5708
460;287.5;2;8;-1.5708;1.5708
464;287.5;1;8;1.5708;4.71239
468;287.5;2;16;1.5708;4.71239
472;287.5;3;24;1.5708;4.71239
476;287.5;4;32;1.5708;4.71239
480;287.5;5;40;1.5708;4.71239
484;287.5;6;48;1.5708;4.71239
488;287.5;7;56;1.5708;4.71239
492;287.5;8;64;1.5708;4.71239
496;287.5;9;72;1.5708;4.71239
500;287.5;10;80;1.5708;4.71239
504;287.5;11;88;1.5708;4.71239
508;287.5;12;96;1.5708;4.71239
512;287.5;13;104;1.5708;4.71239
516;287.5;14;112;1.5708;4.71239
520;287.5;15;120;1.5708;4.71239
520;287.5;0;120;1.5708;4.71239
520;228;1;17;-3.14159;0
520;232;9;18;-3.14159;0
520;236;17;19;-3.14159;0
520;240;25;20;-3.14159;0
520;244;33;21;-3.14159;0
520;248;41;22;-3.14159;0
520;252;49;23;-3.14159;0
520;256;57;24;-3.14159;0
520;260;65;25;-3.14159;0
520;264;73;26;-3.14159;0
520;268;81;27;-3.14159;0
520;272;89;28;-3.14159;0
520;276;97;29;-3.14159;0
520;280;105;30;-3.14159;0
520;284;113;31;-3.14159;0
520;284;113;0;-3.14159;0
520;284;113;32;0;3.14159
520;288;105;31;0;3.14159
520;292;97;30;0;3.14159
520;296;89;29;0;3.14159
520;300;81;28;0;3.14159
520;304;73;27;0;3.14159
520;308;65;26;0;3.14159
520;312;57;25;0;3.14159
520;316;49;24;0;3.14159
520;320;41;23;0;3.14159
520;324;33;22;0;3.14159
520;328;25;21;0;3.14159
520;332;17;20;0;3.14159
520;336;9;19;0;3.14159
520;340;1;18;0;3.14159
520;287.5;16;120;-1.5708;1.5708
524;287.5;15;112;-1.5708;1.5708
528;287.5;14;104;-1.5708;1.5708
532;287.5;13;96;-1.5708;1.5708
536;287.5;12;88;-1.5708;1.5708
540;287.5;11;80;-1.5708;1.5708
544;287.5;10;72;-1.5708;1.5708
548;287.5;9;64;-1.5708;1.5708
552;287.5;8;56;-1.5708;1.5708
556;287.5;7;48;-1.5708;1.5708
560;287.5;6;40;-1.5708;1.5708
564;287.5;5;32;-1.5708;1.5708
568;287.5;4;24;-1.5708;1.5708
572;287.5;3;16;-1.5708;1.5708
576;287.5;2;8;-1.5708;1.5708
-57.5;345;1;8;1.5708;4.71239
-53.5;345;2;16;1.5708;4.71239
-49.5;345;3;24;1.5708;4.71239
-45.5;345;4;32;1.5708;4.71239
-41.5;345;5;40;1.5708;4.71239
-37.5;345;6;48;1.5708;4.71239
-33.5;345;7;56;1.5708;4.71239
-29.5;345;8;64;1.5708;4.71239
-25.5;345;9;72;1.5708;4.71239
-21.5;345;10;80;1.5708;4.71239
-17.5;345;11;88;1.5708;4.71239
-13.5;345;12;96;1.5708;4.71239
-9.5;345;13;104;1.5708;4.71239
-5.5;345;14;112;1.5708;4.71239
-1.5;345;15;120;1.5708;4.71239
-1.5;345;0;120;1.5708;4.71239
-1.5;285;1;17;-3.14159;0
-1.5;289;9;18;-3.14159;0
-1.5;293;17;19;-3.14159;0
-1.5;297;25;20;-3.14159;0
-1.5;301;33;21;-3.14159;0
-1.5;305;41;22;-3.14159;0
-1.5;309;49;23;-3.14159;0
-1.5;313;57;24;-3.14159;0
-1.5;317;65;25;-3.14159;0
-1.5;321;73;26;-3.14159;0
-1.5;325;81;27;-3.14159;0
-1.5;329;89;28;-3.14159;0
-1.5;333;97;29;-3.14159;0
-1.5;337;105;30;-3.14159;0
-1.5;341;113;31;-3.14159;0
-1.5;341;113;0;-3.14159;0
-1.5;341;113;32;0;3.14159
-1.5;345;105;31;0;3.14159
-1.5;349;97;30;0;3.14159
-1.5;353;89;29;0;3.14159
-1.5;357;81;28;0;3.14159
-1.5;361;73;27;0;3.14159
-1.5;365;65;26;0;3.14159
-1.5;369;57;25;0;3.14159
-1.5;373;49;24;0;3.14159
-1.5;377;41;23;0;3.14159
-1.5;381;33;22;0;3.14159
-1.5;385;25;21;0;3.14159
-1.5;389;17;20;0;3.14159
-1.5;393;9;19;0;3.14159
-1.5;397;1;18;0;3.14159
-1.5;345;16;120;-1.5708;1.5708
2.5;345;15;112;-1.5708;1.5708
6.5;345;14;104;-1.5708;1.5708
10.5;345;13;96;-1.5708;1.5708
14.5;345;12;88;-1.5708;1.5708
18.5;345;11;80;-1.5708;1.5708
22.5;345;10;72;-1.5708;1.5708
26.5;345;9;64;-1.5708;1.5708
30.5;345;8;56;-1.5708;1.5708
34.5;345;7;48;-1.5708;1.5708
38.5;345;6;40;-1.5708;1.5708
42.5;345;5;32;-1.5708;1.5708
46.5;345;4;24;-1.5708;1.5708
50.5;345;3;16;-1.5708;1.5708
54.5;345;2;8;-1.5708;1.5708
58.5;345;1;8;1.5708;4.71239
62.5;345;2;16;1.5708;4.71239
66.5;345;3;24;1.5708;4.71239
70.5;345;4;32;1.5708;4.71239
74.5;345;5;40;1.5708;4.71239
78.5;345;6;48;1.5708;4.71239
82.5;345;7;56;1.5708;4.71239
86.5;345;8;64;1.5708;4.71239
90.5;345;9;72;1.5708;4.71239
94.5;345;10;80;1.5708;4.71239
98.5;345;11;88;1.5708;4.71239
102.5;345;12;96;1.5708;4.71239
106.5;345;13;104;1.5708;4.71239
110.5;345;14;112;1.5708;4.71239
114.5;345;15;120;1.5708;4.71239
114.5;345;0;120;1.5708;4.71239
114.5;285;1;17;-3.14159;0
114.5;289;9;18;-3.14159;0
114.5;293;17;19;-3.14159;0
114.5;297;25;20;-3.14159;0
114.5;301;33;21;-3.14159;0
114.5;305;41;22;-3.14159;0
114.5;309;49;23;-3.14159;0
114.5;313;57;24;-3.14159;0
114.5;317;65;25;-3.14159;0
114.5;321;73;26;-3.14159;0
114.5;325;81;27;-3.14159;0
114.5;329;89;28;-3.14159;0
114.5;333;97;29;-3.14159;0
114.5;337;105;30;-3.14159;0
114.5;341;113;31;-3.14159;0
114.5;341;113;0;-3.14159;0
114.5;341;113;32;0;3.14159
114.5;345;105;31;0;3.14159
114.5;349;97;30;0;3.14159
114.5;353;89;29;0;3.14159
114.5;357;81;28;0;3.14159
114.5;361;73;27;0;3.14159
114.5;365;65;26;0;3.14159
114.5;369;57;25;0;3.14159
114.5;373;49;24;0;3.14159
114.5;377;41;23;0;3.14159
114.5;381;33;22;0;3.14159
114.5;385;25;21;0;3.14159
114.5;389;17;20;0;3.14159
114.5;393;9;19;0;3.14159
114.5;397;1;18;0;3.14159
114.5;345;16;120;-1.5708;1.5708
118.5;345;15;112;-1.5708;1.5708
122.5;345;14;104;-1.5708;1.5708
126.5;345;13;96;-1.5708;1.5708
130.5;345;12;88;-1.5708;1.5708
134.5;345;11;80;-1.5708;1.5708
138.5;345;10;72;-1.5708;1.5708
142.5;345;9;64;-1.5708;1.5708
146.5;345;8;56;-1.5708;1.5708
150.5;345;7;48;-1.5708;1.5708
154.5;345;6;40;-1.5708;1.5708
158.5;345;5;32;-1.5708;1.5708
162.5;345;4;24;-1.5708;1.5708
166.5;345;3;16;-1.5708;1.5708
170.5;345;2;8;-1.5708;1.5708
174.5;345;1;8;1.5708;4.71239
178.5;345;2;16;1.5708;4.71239
182.5;345;3;24;1.5708;4.71239
186.5;345;4;32;1.5708;4.71239
190.5;345;5;40;1.5708;4.71239
194.5;345;6;48;1.5708;4.71239
198.5;345;7;56;1.5708;4.71239
202.5;345;8;64;1.5708;4.71239
206.5;345;9;72;1.5708;4.71239
210.5;345;10;80;1.5708;4.71239
214.5;345;11;88;1.5708;4.71239
218.5;345;12;96;1.5708;4.71239
222.5;345;13;104;1.5708;4.71239
226.5;345;14;112;1.5708;4.71239
230.5;345;15;120;1.5708;4.71239
230.5;345;0;120;1.5708;4.71239
230.5;285;1;17;-3.14159;0
230.5;289;9;18;-3.14159;0
230.5;293;17;19;-3.14159;0
230.5;297;25;20;-3.14159;0
230.5;301;33;21;-3.14159;0
230.5;305;41;22;-3.14159;0
230.5;309;49;23;-3.14159;0
230.5;313;57;24;-3.14159;0
230.5;317;65;25;-3.14159;0
230.5;321;73;26;-3.14159;0
230.5;325;81;27;-3.14159;0
230.5;329;89;28;-3.14159;0
230.5;333;97;29;-3.14159;0
230.5;337;105;30;-3.14159;0
230.5;341;113;31;-3.14159;0
230.5;341;113;0;-3.14159;0
230.5;341;113;32;0;3.14159
230.5;345;105;31;0;3.14159
230.5;349;97;30;0;3.14159
230.5;353;89;29;0;3.14159
230.5;357;81;28;0;3.14159
230.5;361;73;27;0;3.14159
230.5;365;65;26;0;3.14159
230.5;369;57;25;0;3.14159
230.5;373;49;24;0;3.14159
230.5;377;41;23;0;3.14159
230.5;381;33;22;0;3.14159
230.5;385;25;21;0;3.14159
230.5;389;17;20;0;3.14159
230.5;393;9;19;0;3.14159
230.5;397;1;18;0;3.14159
230.5;345;16;120;-1.5708;1.5708
234.5;345;15;112;-1.5708;1.5708
238.5;345;14;104;-1.5708;1.5708
242.5;345;13;96;-1.5708;1.5708
246.5;345;12;88;-1.5708;1.5708
250.5;345;11;80;-1.5708;1.5708
254.5;345;10;72;-1.5708;1.5708
258.5;345;9;64;-1.5708;1.5708
262.5;345;8;56;-1.5708;1.5708
266.5;345;7;48;-1.5708;1.5708
270.5;345;6;40;-1.5708;1.5708
274.5;345;5;32;-1.5708;1.5708
278.5;345;4;24;-1.5708;1.5708
282.5;345;3;16;-1.5708;1.5708
286.5;345;2;8;-1.5708;1.5708
290.5;345;1;8;1.5708;4.71239
294.5;345;2;16;1.5708;4.71239
298.5;345;3;24;1.5708;4.71239
302.5;345;4;32;1.5708;4.71239
306.5;345;5;40;1.5708;4.71239
310.5;345;6;48;1.5708;4.71239
314.5;345;7;56;1.5708;4.71239
318.5;345;8;64;1.5708;4.71239
322.5;345;9;72;1.5708;4.71239
326.5;345;10;80;1.5708;4.71239
330.5;345;11;88;1.5708;4.71239
334.5;345;12;96;1.5708;4.71239
338.5;345;13;104;1.5708;4.71239
342.5;345;14;112;1.5708;4.71239
346.5;345;15;120;1.5708;4.71239
346.5;345;0;120;1.5708;4.71239
346.5;285;1;17;-3.14159;0
346.5;289;9;18;-3.14159;0
346.5;293;17;19;-3.14159;0
346.5;297;25;20;-3.14159;0
346.5;301;33;21;-3.14159;0
346.5;305;41;22;-3.14159;0
346.5;309;49;23;-3.14159;0
346.5;313;57;24;-3.14159;0
346.5;317;65;25;-3.14159;0
346.5;321;73;26;-3.14159;0
346.5;325;81;27;-3.14159;0
346.5;329;89;28;-3.14159;0
346.5;333;97;29;-3.14159;0
346.5;337;105;30;-3.14159;0
346.5;341;113;31;-3.14159;0
346.5;341;113;0;-3.14159;0
346.5;341;113;32;0;3.14159
346.5;345;105;31;0;3.14159
346.5;349;97;30;0;3.14159
346.5;353;89;29;0;3.14159
346.5;357;81;28;0;3.14159
346.5;361;73;27;0;3.14159
346.5;365;65;26;0;3.14159
346.5;369;57;25;0;3.14159
346.5;373;49;24;0;3.14159
346.5;377;41;23;0;3.14159
346.5;381;33;22;0;3.14159
346.5;385;25;21;0;3.14159
346.5;389;17;20;0;3.14159
346.5;393;9;19;0;3.14159
346.5;397;1;18;0;3.14159
346.5;345;16;120;-1.5708;1.5708
350.5;345;15;112;-1.5708;1.5708
354.5;345;14;104;-1.5708;1.5708
358.5;345;13;96;-1.5708;1.5708
362.5;345;12;88;-1.5708;1.5708
366.5;345;11;80;-1.5708;1.5708
370.5;345;10;72;-1.5708;1.5708
374.5;345;9;64;-1.5708;1.5708
378.5;345;8;56;-1.5708;1.5708
382.5;345;7;48;-1.5708;1.5708
386.5;345;6;40;-1.5708;1.5708
390.5;345;5;32;-1.5708;1.5708
394.5;345;4;24;-1.5708;1.5708
398.5;345;3;16;-1.5708;1.5708
402.5;345;2;8;-1.5708;1.5708
406.5;345;1;8;1.5708;4.71239
410.5;345;2;16;1.5708;4.71239
414.5;345;3;24;1.5708;4.71239
418.5;345;4;32;1.5708;4.71239
422.5;345;5;40;1.5708;4.71239
426.5;345;6;48;1.5708;4.71239
430.5;345;7;56;1.5708;4.71239
434.5;345;8;64;1.5708;4.71239
438.5;345;9;72;1.5708;4.71239
442.5;345;10;80;1.5708;4.71239
446.5;345;11;88;1.5708;4.71239
450.5;345;12;96;1.5708;4.71239
454.5;345;13;104;1.5708;4.71239
458.5;345;14;112;1.5708;4.71239
462.5;345;15;120;1.5708;4.71239
462.5;345;0;120;1.5708;4.71239
462.5;285;1;17;-3.14159;0
462.5;289;9;18;-3.14159;0
462.5;293;17;19;-3.14159;0
462.5;297;25;20;-3.14159;0
462.5;301;33;21;-3.14159;0
462.5;305;41;22;-3.14159;0
462.5;309;49;23;-3.14159;0
462.5;313;57;24;-3.14159;0
462.5;317;65;25;-3.14159;0
462.5;321;73;26;-3.14159;0
462.5;325;81;27;-3.14159;0
462.5;329;89;28;-3.14159;0
462.5;333;97;29;-3.14159;0
462.5;337;105;30;-3.14159;0
462.5;341;113;31;-3.14159;0
462.5;341;113;0;-3.14159;0
462.5;341;113;32;0;3.14159
462.5;345;105;31;0;3.14159
462.5;349;97;30;0;3.14159
462.5;353;89;29;0;3.14159
462.5;357;81;28;0;3.14159
462.5;361;73;27;0;3.14159
462.5;365;65;26;0;3.14159
462.5;369;57;25;0;3.14159
462.5;373;49;24;0;3.14159
462.5;377;41;23;0;3.14159
462.5;381;33;22;0;3.14159
462.5;385;25;21;0;3.14159
462.5;389;17;20;0;3.14159
462.5;393;9;19;0;3.14159
462.5;397;1;18;0;3.14159
462.5;345;16;120;-1.5708;1.5708
466.5;345;15;112;-1.5708;1.5708
470.5;345;14;104;-1.5708;1.5708
474.5;345;13;96;-1.5708;1.5708
478.5;345;12;88;-1.5708;1.5708
482.5;345;11;80;-1.5708;1.5708
486.5;345;10;72;-1.5708;1.5708
490.5;345;9;64;-1.5708;1.5708
494.5;345;8;56;-1.5708;1.5708
498.5;345;7;48;-1.5708;1.5708
502.5;345;6;40;-1.5708;1.5708
506.5;345;5;32;-1.5708;1.5708
510.5;345;4;24;-1.5708;1.5708
514.5;345;3;16;-1.5708;1.5708
518.5;345;2;8;-1.5708;1.5708
0;402.5;1;8;1.5708;4.71239
4;402.5;2;16;1.5708;4.71239
8;402.5;3;24;1.5708;4.71239
12;402.5;4;32;1.5708;4.71239
16;402.5;5;40;1.5708;4.71239
20;402.5;6;48;1.5708;4.71239
24;402.5;7;56;1.5708;4.71239
28;402.5;8;64;1.5708;4.71239
32;402.5;9;72;1.5708;4.71239
36;402.5;10;80;1.5708;4.71239
40;402.5;11;88;1.5708;4.71239
44;402.5;12;96;1.5708;4.71239
48;402.5;13;104;1.5708;4.71239
52;402.5;14;112;1.5708;4.71239
56;402.5;15;120;1.5708;4.71239
56;402.5;0;120;1.5708;4.71239
56;342;1;17;-3.14159;0
56;346;9;18;-3.14159;0
56;350;17;19;-3.14159;0
56;354;25;20;-3.14159;0
56;358;33;21;-3.14159;0
56;362;41;22;-3.14159;0
56;366;49;23;-3.14159;0
56;370;57;24;-3.14159;0
56;374;65;25;-3.14159;0
56;378;73;26;-3.14159;0
56;382;81;27;-3.14159;0
56;386;89;28;-3.14159;0
56;390;97;29;-3.14159;0
56;394;105;30;-3.14159;0
56;398;113;31;-3.14159;0
56;398;113;0;-3.14159;0
56;398;113;32;0;3.14159
56;402;105;31;0;3.14159
56;406;97;30;0;3.14159
56;410;89;29;0;3.14159
56;414;81;28;0;3.14159
56;418;73;27;0;3.14159
56;422;65;26;0;3.14159
56;426;57;25;0;3.14159
56;430;49;24;0;3.14159
56;434;41;23;0;3.14159
56;438;33;22;0;3.14159
56;442;25;21;0;3.14159
56;446;17;20;0;3.14159
56;450;9;19;0;3.14159
56;454;1;18;0;3.14159
56;402.5;16;120;-1.5708;1.5708
60;402.5;15;112;-1.5708;1.5708
64;402.5;14;104;-1.5708;1.5708
68;402.5;13;96;-1.5708;1.5708
72;402.5;12;88;-1.5708;1.5708
76;402.5;11;80;-1.5708;1.5708
80;402.5;10;72;-1.5708;1.5708
84;402.5;9;64;-1.5708;1.5708
88;402.5;8;56;-1.5708;1.5708
92;402.5;7;48;-1.5708;1.5708
96;402.5;6;40;-1.5708;1.5708
100;402.5;5;32;-1.5708;1.5708
104;402.5;4;24;-1.5708;1.5708
108;402.5;3;16;-1.5708;1.5708
112;402.5;2;8;-1.5708;1.5708
116;402.5;1;8;1.5708;4.71239
120;402.5;2;16;1.5708;4.71239
124;402.5;3;24;1.5708;4.71239
128;402.5;4;32;1.5708;4.71239
132;402.5;5;40;1.5708;4.71239
136;402.5;6;48;1.5708;4.71239
140;402.5;7;56;1.5708;4.71239
144;402.5;8;64;1.5708;4.71239
148;402.5;9;72;1.5708;4.71239
152;402.5;10;80;1.5708;4.71239
156;402.5;11;88;1.5708;4.71239
160;402.5;12;96;1.5708;4.71239
164;402.5;13;104;1.5708;4.71239
168;402.5;14;112;1.5708;4.71239
172;402.5;15;120;1.5708;4.71239
172;402.5;0;120;1.5708;4.71239
172;342;1;17;-3.14159;0
172;346;9;18;-3.14159;0
172;350;17;19;-3.14159;0
172;354;25;20;-3.14159;0
172;358;33;21;-3.14159;0
172;362;41;22;-3.14159;0
172;366;49;23;-3.14159;0
172;370;57;24;-3.14159;0
172;374;65;25;-3.14159;0
172;378;73;26;-3.14159;0
172;382;81;27;-3.14159;0
172;386;89;28;-3.14159;0
172;390;97;29;-3.14159;0
172;394;105;30;-3.14159;0
172;398;113;31;-3.14159;0
172;398;113;0;-3.14159;0
172;398;113;32;0;3.14159
172;402;105;31;0;3.14159
172;406;97;30;0;3.14159
172;410;89;29;0;3.14159
172;414;81;28;0;3.14159
172;418;73;27;0;3.14159
172;422;65;26;0;3.14159
172;426;57;25;0;3.14159
172;430;49;24;0;3.14159
172;434;41;23;0;3.14159
172;438;33;22;0;3.14159
172;442;25;21;0;3.14159
172;446;17;20;0;3.14159
172;450;9;19;0;3.14159
172;454;1;18;0;3.14159
172;402.5;16;120;-1.5708;1.5708
176;402.5;15;112;-1.5708;1.5708
180;402.5;14;104;-1.5708;1.5708
184;402.5;13;96;-1.5708;1.5708
188;402.5;12;88;-1.5708;1.5708
192;402.5;11;80;-1.5708;1.5708
196;402.5;10;72;-1.5708;1.5708
200;402.5;9;64;-1.5708;1.5708
204;402.5;8;56;-1.5708;1.5708
208;402.5;7;48;-1.5708;1.5708
212;402.5;6;40;-1.5708;1.5708
216;402.5;5;32;-1.5708;1.5708
220;402.5;4;24;-1.5708;1.5708
224;402.5;3;16;-1.5708;1.5708
228;402.5;2;8;-1.5708;1.5708
232;402.5;1;8;1.5708;4.71239
236;402.5;2;16;1.5708;4.71239
240;402.5;3;24;1.5708;4.71239
244;402.5;4;32;1.5708;4.71239
248;402.5;5;40;1.5708;4.71239
252;402.5;6;48;1.5708;4.71239
256;402.5;7;56;1.5708;4.71239
260;402.5;8;64;1.5708;4.71239
264;402.5;9;72;1.5708;4.71239
268;402.5;10;80;1.5708;4.71239
272;402.5;11;88;1.5708;4.71239
276;402.5;12;96;1.5708;4.71239
280;402.5;13;104;1.5708;4.71239
284;402.5;14;112;1.5708;4.71239
288;402.5;15;120;1.5708;4.71239
288;402.5;0;120;1.5708;4.71239
288;342;1;17;-3.14159;0
288;346;9;18;-3.14159;0
288;350;17;19;-3.14159;0
288;354;25;20;-3.14159;0
288;358;33;21;-3.14159;0
288;362;41;22;-3.14159;0
288;366;49;23;-3.14159;0
288;370;57;24;-3.14159;0
288;374;65;25;-3.14159;0
288;378;73;26;-3.14159;0
288;382;81;27;-3.14159;0
288;386;89;28;-3.14159;0
288;390;97;29;-3.14159;0
288;394;105;30;-3.14159;0
288;398;113;31;-3.14159;0
288;398;113;0;-3.14159;0
288;398;113;32;0;3.14159
288;402;105;31;0;3.14159
288;406;97;30;0;3.14159
288;410;89;29;0;3.14159
288;414;81;28;0;3.14159
288;418;73;27;0;3.14159
288;422;65;26;0;3.14159
288;426;57;25;0;3.14159
288;430;49;24;0;3.14159
288;434;41;23;0;3.14159
288;438;33;22;0;3.14159
288;442;25;21;0;3.14159
288;446;17;20;0;3.14159
288;450;9;19;0;3.14159
288;454;1;18;0;3.14159
288;402.5;16;120;-1.5708;1.5708
292;402.5;15;112;-1.5708;1.5708
296;402.5;14;104;-1.5708;1.5708
300;402.5;13;96;-1.5708;1.5708
304;402.5;12;88;-1.5708;1.5708
308;402.5;11;80;-1.5708;1.5708
312;402.5;10;72;-1.5708;1.5708
316;402.5;9;64;-1.5708;1.5708
320;402.5;8;56;-1.5708;1.5708
324;402.5;7;48;-1.5708;1.5708
328;402.5;6;40;-1.5708;1.5708
332;402.5;5;32;-1.5708;1.5708
336;402.5;4;24;-1.5708;1.5708
340;402.5;3;16;-1.5708;1.5708
344;402.5;2;8;-1.5708;1.5708
348;402.5;1;8;1.5708;4.71239
352;402.5;2;16;1.5708;4.71239
356;402.5;3;24;1.5708;4.71239
360;402.5;4;32;1.5708;4.71239
364;402.5;5;40;1.5708;4.71239
368;402.5;6;48;1.5708;4.71239
372;402.5;7;56;1.5708;4.71239
376;402.5;8;64;1.5708;4.71239
380;402.5;9;72;1.5708;4.71239
384;402.5;10;80;1.5708;4.71239
388;402.5;11;88;1.5708;4.71239
392;402.5;12;96;1.5708;4.71239
396;402.5;13;104;1.5708;4.71239
400;402.5;14;112;1.5708;4.71239
404;402.5;15;120;1.5708;4.71239
404;402.5;0;120;1.5708;4.71239
404;342;1;17;-3.14159;0
404;346;9;18;-3.14159;0
404;350;17;19;-3.14159;0
404;354;25;20;-3.14159;0
404;358;33;21;-3.14159;0
404;362;41;22;-3.14159;0
404;366;49;23;-3.14159;0
404;370;57;24;-3.14159;0
404;374;65;25;-3.14159;0
404;378;73;26;-3.14159;0
404;382;81;27;-3.14159;0
404;386;89;28;-3.14159;0
404;390;97;29;-3.14159;0
404;394;105;30;-3.14159;0
404;398;113;31;-3.14159;0
404;398;113;0;-3.14159;0
404;398;113;32;0;3.14159
404;402;105;31;0;3.14159
404;406;97;30;0;3.14159
404;410;89;29;0;3.14159
404;414;81;28;0;3.14159
404;418;73;27;0;3.14159
404;422;65;26;0;3.14159
404;426;57;25;0;3.14159
404;430;49;24;0;3.14159
404;434;41;23;0;3.14159
404;438;33;22;0;3.14159
404;442;25;21;0;3.14159
404;446;17;20;0;3.14159
404;450;9;19;0;3.14159
404;454;1;18;0;3.14159
404;402.5;16;120;-1.5708;1.5708
408;402.5;15;112;-1.5708;1.5708
412;402.5;14;104;-1.5708;1.5708
416;402.5;13;96;-1.5708;1.5708
420;402.5;12;88;-1.5708;1.5708
424;402.5;11;80;-1.5708;1.5708
428;402.5;10;72;-1.5708;1.5708
432;402.5;9;64;-1.5708;1.5708
436;402.5;8;56;-1.5708;1.5708
440;402.5;7;48;-1.5708;1.5708
444;402.5;6;40;-1.5708;1.5708
448;402.5;5;32;-1.5708;1.5708
452;402.5;4;24;-1.5708;1.5708
456;402.5;3;16;-1.5708;1.5708
460;402.5;2;8;-1.5708;1.5708
464;402.5;1;8;1.5708;4.71239
468;402.5;2;16;1.5708;4.71239
472;402.5;3;24;1.5708;4.71239
476;402.5;4;32;1.5708;4.71239
480;402.5;5;40;1.5708;4.71239
484;402.5;6;48;1.5708;4.71239
488;402.5;7;56;1.5708;4.71239
492;402.5;8;64;1.5708;4.71239
496;402.5;9;72;1.5708;4.71239
500;402.5;10;80;1.5708;4.71239
504;402.5;11;88;1.5708;4.71239
508;402.5;12;96;1.5708;4.71239
512;402.5;13;104;1.5708;4.71239
516;402.5;14;112;1.5708;4.71239
520;402.5;15;120;1.5708;4.71239
520;402.5;0;120;1.5708;4.71239
520;342;1;17;-3.14159;0
520;346;9;18;-3.14159;0
520;350;17;19;-3.14159;0
520;354;25;20;-3.14159;0
520;358;33;21;-3.14159;0
520;362;41;22;-3.14159;0
520;366;49;23;-3.14159;0
520;370;57;24;-3.14159;0
520;374;65;25;-3.14159;0
520;378;73;26;-3.14159;0
520;382;81;27;-3.14159;0
520;386;89;28;-3.14159;0
520;390;97;29;-3.14159;0
520;394;105;30;-3.14159;0
520;398;113;31;-3.14159;0
520;398;113;0;-3.14159;0
520;398;113;32;0;3.14159
520;402;105;31;0;3.14159
520;406;97;30;0;3.14159
520;410;89;29;0;3.14159
520;414;81;28;0;3.14159
520;418;73;27;0;3.14159
520;422;65;26;0;3.14159
520;426;57;25;0;3.14159
520;430;49;24;0;3.14159
520;434;41;23;0;3.14159
520;438;33;22;0;3.14159
520;442;25;21;0;3.14159
520;446;17;20;0;3.14159
520;450;9;19;0;3.14159
520;454;1;18;0;3.14159
520;402.5;16;120;-1.5708;1.5708
524;402.5;15;112;-1.5708;1.5708
528;402.5;14;104;-1.5708;1.5708
532;402.5;13;96;-1.5708;1.5708
536;402.5;12;88;-1.5708;1.5708
540;402.5;11;80;-1.5708;1.5708
544;402.5;10;72;-1.5708;1.5708
548;402.5;9;64;-1.5708;1.5708
552;402.5;8;56;-1.5708;1.5708
556;402.5;7;48;-1.5708;1.5708
560;402.5;6;40;-1.5708;1.5708
564;402.5;5;32;-1.5708;1.5708
568;402.5;4;24;-1.5708;1.5708
572;402.5;3;16;-1.5708;1.5708
576;402.5;2;8;-1.5708;1.5708
-57.5;460;1;8;1.5708;4.71239
-53.5;460;2;16;1.5708;4.71239
-49.5;460;3;24;1.5708;4.71239
-45.5;460;4;32;1.5708;4.71239
-41.5;460;5;40;1.5708;4.71239
-37.5;460;6;48;1.5708;4.71239
-33.5;460;7;56;1.5708;4.71239
-29.5;460;8;64;1.5708;4.71239
-25.5;460;9;72;1.5708;4.71239
-21.5;460;10;80;1.5708;4.71239
-17.5;460;11;88;1.5708;4.71239
-13.5;460;12;96;1.5708;4.71239
-9.5;460;13;104;1.5708;4.71239
-5.5;460;14;112;1.5708;4.71239
-1.5;460;15;120;1.5708;4.71239
-1.5;460;0;120;1.5708;4.71239
-1.5;399;1;17;-3.14159;0
-1.5;403;9;18;-3.14159;0
-1.5;407;17;19;-3.14159;0
-1.5;411;25;20;-3.14159;0
-1.5;415;33;21;-3.14159;0
-1.5;419;41;22;-3.14159;0
-1.5;423;49;23;-3.14159;0
-1.5;427;57;24;-3.14159;0
-1.5;431;65;25;-3.14159;0
-1.5;435;73;26;-3.14159;0
-1.5;439;81;27;-3.14159;0
-1.5;443;89;28;-3.14159;0
-1.5;447;97;29;-3.14159;0
-1.5;451;105;30;-3.14159;0
-1.5;455;113;31;-3.14159;0
-1.5;455;113;0;-3.14159;0
-1.5;455;113;32;0;3.14159
-1.5;459;105;31;0;3.14159
-1.5;463;97;30;0;3.14159
-1.5;467;89;29;0;3.14159
-1.5;471;81;28;0;3.14159
-1.5;475;73;27;0;3.14159
-1.5;479;65;26;0;3.14159
-1.5;483;57;25;0;3.14159
-1.5;487;49;24;0;3.14159
-1.5;491;41;23;0;3.14159
-1.5;495;33;22;0;3.14159
-1.5;499;25;21;0;3.14159
-1.5;503;17;20;0;3.14159
-1.5;507;9;19;0;3.14159
-1.5;511;1;18;0;3.14159
-1.5;460;16;120;-1.5708;1.5708
2.5;460;15;112;-1.5708;1.5708
6.5;460;14;104;-1.5708;1.5708
10.5;460;13;96;-1.5708;1.5708
14.5;460;12;88;-1.5708;1.5708
18.5;460;11;80;-1.5708;1.5708
22.5;460;10;72;-1.5708;1.5708
26.5;460;9;64;-1.5708;1.5708
30.5;460;8;56;-1.5708;1.5708
34.5;460;7;48;-1.5708;1.5708
38.5;460;6;40;-1.5708;1.5708
42.5;460;5;32;-1.5708;1.5708
46.5;460;4;24;-1.5708;1.5708
50.5;460;3;16;-1.5708;1.5708
54.5;460;2;8;-1.5708;1.5708
58.5;460;1;8;1.5708;4.71239
62.5;460;2;16;1.5708;4.71239
66.5;460;3;24;1.5708;4.71239
70.5;460;4;32;1.5708;4.71239
74.5;460;5;40;1.5708;4.71239
78.5;460;6;48;1.5708;4.71239
82.5;460;7;56;1.5708;4.71239
86.5;460;8;64;1.5708;4.71239
90.5;460;9;72;1.5708;4.71239
94.5;460;10;80;1.5708;4.71239
98.5;460;11;88;1.5708;4.71239
102.5;460;12;96;1.5708;4.71239
106.5;460;13;104;1.5708;4.71239
110.5;460;14;112;1.5708;4.71239
114.5;460;15;120;1.5708;4.71239
114.5;460;0;120;1.5708;4.71239
114.5;399;1;17;-3.14159;0
114.5;403;9;18;-3.14159;0
114.5;407;17;19;-3.14159;0
114.5;411;25;20;-3.14159;0
114.5;415;33;21;-3.14159;0
114.5;419;41;22;-3.14159;0
114.5;423;49;23;-3.14159;0
114.5;427;57;24;-3.14159;0
114.5;431;65;25;-3.14159;0
114.5;435;73;26;-3.14159;0
114.5;439;81;27;-3.14159;0
114.5;443;89;28;-3.14159;0
114.5;447;97;29;-3.14159;0
114.5;451;105;30;-3.14159;0
114.5;455;113;31;-3.14159;0
114.5;455;113;0;-3.14159;0
114.5;455;113;32;0;3.14159
114.5;459;105;31;0;3.14159
114.5;463;97;30;0;3.14159
114.5;467;89;29;0;3.14159
114.5;471;81;28;0;3.14159
114.5;475;73;27;0;3.14159
114.5;479;65;26;0;3.14159
114.5;483;57;25;0;3.14159
114.5;487;49;24;0;3.14159
114.5;491;41;23;0;3.14159
114.5;495;33;22;0;3.14159
114.5;499;25;21;0;3.14159
114.5;503;17;20;0;3.14159
114.5;507;9;19;0;3.14159
114.5;511;1;18;0;3.14159
114.5;460;16;120;-1.5708;1.5708
118.5;460;15;112;-1.5708;1.5708
122.5;460;14;104;-1.5708;1.5708
126.5;460;13;96;-1.5708;1.5708
130.5;460;12;88;-1.5708;1.5708
134.5;460;11;80;-1.5708;1.5708
138.5;460;10;72;-1.5708;1.5708
142.5;460;9;64;-1.5708;1.5708
146.5;460;8;56;-1.5708;1.5708
150.5;460;7;48;-1.5708;1.5708
154.5;460;6;40;-1.5708;1.5708
158.5;460;5;32;-1.5708;1.5708
162.5;460;4;24;-1.5708;1.5708
166.5;460;3;16;-1.5708;1.5708
170.5;460;2;8;-1.5708;1.5708
174.5;460;1;8;1.5708;4.71239
178.5;460;2;16;1.5708;4.71239
182.5;460;3;24;1.5708;4.71239
186.5;460;4;32;1.5708;4.71239
190.5;460;5;40;1.5708;4.71239
194.5;460;6;48;1.5708;4.71239
198.5;460;7;56;1.5708;4.71239
202.5;460;8;64;1.5708;4.71239
206.5;460;9;72;1.5708;4.71239
210.5;460;10;80;1.5708;4.71239
214.5;460;11;88;1.5708;4.71239
218.5;460;12;96;1.5708;4.71239
222.5;460;13;104;1.5708;4.71239
226.5;460;14;112;1.5708;4.71239
230.5;460;15;120;1.5708;4.71239
230.5;460;0;120;1.5708;4.71239
230.5;399;1;17;-3.14159;0
230.5;403;9;18;-3.14159;0
230.5;407;17;19;-3.14159;0
230.5;411;25;20;-3.14159;0
230.5;415;33;21;-3.14159;0
230.5;419;41;22;-3.14159;0
230.5;423;49;23;-3.14159;0
230.5;427;57;24;-3.14159;0
230.5;431;65;25;-3.14159;0
230.5;435;73;26;-3.14159;0
230.5;439;81;27;-3.14159;0
230.5;443;89;28;-3.14159;0
230.5;447;97;29;-3.14159;0
230.5;451;105;30;-3.14159;0
230.5;455;113;31;-3.14159;0
230.5;455;113;0;-3.14159;0
230.5;455;113;32;0;3.14159
230.5;459;105;31;0;3.14159
230.5;463;97;30;0;3.14159
230.5;467;89;29;0;3.14159
230.5;471;81;28;0;3.14159
230.5;475;73;27;0;3.14159
230.5;479;65;26;0;3.14159
230.5;483;57;25;0;3.14159
230.5;487;49;24;0;3.14159
230.5;491;41;23;0;3.14159
230.5;495;33;22;0;3.14159
230.5;499;25;21;0;3.14159
230.5;503;17;20;0;3.14159
230.5;507;9;19;0;3.14159
230.5;511;1;18;0;3.14159
230.5;460;16;120;-1.5708;1.5708
234.5;460;15;112;-1.5708;1.5708
238.5;460;14;104;-1.5708;1.5708
242.5;460;13;96;-1.5708;1.5708
246.5;460;12;88;-1.5708;1.5708
250.5;460;11;80;-1.5708;1.5708
254.5;460;10;72;-1.5708;1.5708
258.5;460;9;64;-1.5708;1.5708
262.5;460;8;56;-1.5708;1.5708
266.5;460;7;48;-1.5708;1.5708
270.5;460;6;40;-1.5708;1.5708
274.5;460;5;32;-1.5708;1.5708
278.5;460;4;24;-1.5708;1.5708
282.5;460;3;16;-1.5708;1.5708
286.5;460;2;8;-1.5708;1.5708
290.5;460;1;8;1.5708;4.71239
294.5;460;2;16;1.5708;4.71239
298.5;460;3;24;1.5708;4.71239
302.5;460;4;32;1.5708;4.71239
306.5;460;5;40;1.5708;4.71239
310.5;460;6;48;1.5708;4.71239
314.5;460;7;56;1.5708;4.71239
318.5;460;8;64;1.5708;4.71239
322.5;460;9;72;1.5708;4.71239
326.5;460;10;80;1.5708;4.71239
330.5;460;11;88;1.5708;4.71239
334.5;460;12;96;1.5708;4.71239
338.5;460;13;104;1.5708;4.71239
342.5;460;14;112;1.5708;4.71239
346.5;460;15;120;1.5708;4.71239
346.5;460;0;120;1.5708;4.71239
346.5;399;1;17;-3.14159;0
346.5;403;9;18;-3.14159;0
346.5;407;17;19;-3.14159;0
346.5;411;25;20;-3.14159;0
346.5;415;33;21;-3.14159;0
346.5;419;41;22;-3.14159;0
346.5;423;49;23;-3.14159;0
346.5;427;57;24;-3.14159;0
346.5;431;65;25;-3.14159;0
346.5;435;73;26;-3.14159;0
346.5;439;81;27;-3.14159;0
346.5;443;89;28;-3.14159;0
346.5;447;97;29;-3.14159;0
346.5;451;105;30;-3.14159;0
346.5;455;113;31;-3.14159;0
346.5;455;113;0;-3.14159;0
346.5;455;113;32;0;3.14159
346.5;459;105;31;0;3.14159
346.5;463;97;30;0;3.14159
346.5;467;89;29;0;3.14159
346.5;471;81;28;0;3.14159
346.5;475;73;27;0;3.14159
346.5;479;65;26;0;3.14159
346.5;483;57;25;0;3.14159
346.5;487;49;24;0;3.14159
346.5;491;41;23;0;3.14159
346.5;495;33;22;0;3.14159
346.5;499;25;21;0;3.14159
346.5;503;17;20;0;3.14159
346.5;507;9;19;0;3.14159
346.5;511;1;18;0;3.14159
346.5;460;16;120;-1.5708;1.5708
350.5;460;15;112;-1.5708;1.5708
354.5;460;14;104;-1.5708;1.5708
358.5;460;13;96;-1.5708;1.5708
362.5;460;12;88;-1.5708;1.5708
366.5;460;11;80;-1.5708;1.5708
370.5;460;10;72;-1.5708;1.5708
374.5;460;9;64;-1.5708;1.5708
378.5;460;8;56;-1.5708;1.5708
382.5;460;7;48;-1.5708;1.5708
386.5;460;6;40;-1.5708;1.5708
390.5;460;5;32;-1.5708;1.5708
394.5;460;4;24;-1.5708;1.5708
398.5;460;3;16;-1.5708;1.5708
402.5;460;2;8;-1.5708;1.5708
406.5;460;1;8;1.5708;4.71239
410.5;460;2;16;1.5708;4.71239
414.5;460;3;24;1.5708;4.71239
418.5;460;4;32;1.5708;4.71239
422.5;460;5;40;1.5708;4.71239
426.5;460;6;48;1.5708;4.71239
430.5;460;7;56;1.5708;4.71239
434.5;460;8;64;1.5708;4.71239
438.5;460;9;72;1.5708;4.71239
442.5;460;10;80;1.5708;4.71239
446.5;460;11;88;1.5708;4.71239
450.5;460;12;96;1.5708;4.71239
454.5;460;13;104;1.5708;4.71239
458.5;460;14;112;1.5708;4.71239
462.5;460;15;120;1.5708;4.71239
462.5;460;0;120;1.5708;4.71239
462.5;399;1;17;-3.14159;0
462.5;403;9;18;-3.14159;0
462.5;407;17;19;-3.14159;0
462.5;411;25;20;-3.14159;0
462.5;415;33;21;-3.14159;0
462.5;419;41;22;-3.14159;0
462.5;423;49;23;-3.14159;0
462.5;427;57;24;-3.14159;0
462.5;431;65;25;-3.14159;0
462.5;435;73;26;-3.14159;0
462.5;439;81;27;-3.14159;0
462.5;443;89;28;-3.14159;0
462.5;447;97;29;-3.14159;0
462.5;451;105;30;-3.14159;0
462.5;455;113;31;-3.14159;0
462.5;455;113;0;-3.14159;0
462.5;455;113;32;0;3.14159
462.5;459;105;31;0;3.14159
462.5;463;97;30;0;3.14159
462.5;467;89;29;0;3.14159
462.5;471;81;28;0;3.14159
462.5;475;73;27;0;3.14159
462.5;479;65;26;0;3.14159
462.5;483;57;25;0;3.14159
462.5;487;49;24;0;3.14159
462.5;491;41;23;0;3.14159
462.5;495;33;22;0;3.14159
462.5;499;25;21;0;3.14159
462.5;503;17;20;0;3.14159
462.5;507;9;19;0;3.14159
462.5;511;1;18;0;3.14159
462.5;460;16;120;-1.5708;1.5708
466.5;460;15;112;-1.5708;1.5708
470.5;460;14;104;-1.5708;1.5708
474.5;460;13;96;-1.5708;1.5708
478.5;460;12;88;-1.5708;1.5708
482.5;460;11;80;-1.5708;1.5708
486.5;460;10;72;-1.5708;1.5708
490.5;460;9;64;-1.5708;1.5708
494.5;460;8;56;-1.5708;1.5708
498.5;460;7;48;-1.5708;1.5708
502.5;460;6;40;-1.5708;1.5708
506.5;460;5;32;-1.5708;1.5708
510.5;460;4;24;-1.5708;1.5708
514.5;460;3;16;-1.5708;1.5708
518.5;460;2;8;-1.5708;1.5708
0;517.5;1;8;1.5708;4.71239
4;517.5;2;16;1.5708;4.71239
8;517.5;3;24;1.5708;4.71239
12;517.5;4;32;1.5708;4.71239
16;517.5;5;40;1.5708;4.71239
20;517.5;6;48;1.5708;4.71239
24;517.5;7;56;1.5708;4.71239
28;517.5;8;64;1.5708;4.71239
32;517.5;9;72;1.5708;4.71239
36;517.5;10;80;1.5708;4.71239
40;517.5;11;88;1.5708;4.71239
44;517.5;12;96;1.5708;4.71239
48;517.5;13;104;1.5708;4.71239
52;517.5;14;112;1.5708;4.71239
56;517.5;15;120;1.5708;4.71239
56;517.5;0;120;1.5708;4.71239
56;456;1;17;-3.14159;0
56;460;9;18;-3.14159;0
56;464;17;19;-3.14159;0
56;468;25;20;-3.14159;0
56;472;33;21;-3.14159;0
56;476;41;22;-3.14159;0
56;480;49;23;-3.14159;0
56;484;57;24;-3.14159;0
56;488;65;25;-3.14159;0
56;492;73;26;-3.14159;0
56;496;81;27;-3.14159;0
56;500;89;28;-3.14159;0
56;504;97;29;-3.14159;0
56;508;105;30;-3.14159;0
56;512;113;31;-3.14159;0
56;512;113;0;-3.14159;0
56;512;113;32;0;3.14159
56;516;105;31;0;3.14159
56;520;97;30;0;3.14159
56;524;89;29;0;3.14159
56;528;81;28;0;3.14159
56;532;73;27;0;3.14159
56;536;65;26;0;3.14159
56;540;57;25;0;3.14159
56;544;49;24;0;3.14159
56;548;41;23;0;3.14159
56;552;33;22;0;3.14159
56;556;25;21;0;3.14159
56;560;17;20;0;3.14159
56;564;9;19;0;3.14159
56;568;1;18;0;3.14159
56;517.5;16;120;-1.5708;1.5708
60;517.5;15;112;-1.5708;1.5708
64;517.5;14;104;-1.5708;1.5708
68;517.5;13;96;-1.5708;1.5708
72;517.5;12;88;-1.5708;1.5708
76;517.5;11;80;-1.5708;1.5708
80;517.5;10;72;-1.5708;1.5708
84;517.5;9;64;-1.5708;1.5708
88;517.5;8;56;-1.5708;1.5708
92;517.5;7;48;-1.5708;1.5708
96;517.5;6;40;-1.5708;1.5708
100;517.5;5;32;-1.5708;1.5708
104;517.5;4;24;-1.5708;1.5708
108;517.5;3;16;-1.5708;1.5708
112;517.5;2;8;-1.5708;1.5708
116;517.5;1;8;1.5708;4.71239
120;517.5;2;16;1.5708;4.71239
124;517.5;3;24;1.5708;4.71239
128;517.5;4;32;1.5708;4.71239
132;517.5;5;40;1.5708;4.71239
136;517.5;6;48;1.5708;4.71239
140;517.5;7;56;1.5708;4.71239
144;517.5;8;64;1.5708;4.71239
148;517.5;9;72;1.5708;4.71239
152;517.5;10;80;1.5708;4.71239
156;517.5;11;88;1.5708;4.71239
160;517.5;12;96;1.5708;4.71239
164;517.5;13;104;1.5708;4.71239
168;517.5;14;112;1.5708;4.71239
172;517.5;15;120;1.5708;4.71239
172;517.5;0;120;1.5708;4.71239
172;456;1;17;-3.14159;0
172;460;9;18;-3.14159;0
172;464;17;19;-3.14159;0
172;468;25;20;-3.14159;0
172;472;33;21;-3.14159;0
172;476;41;22;-3.14159;0
172;480;49;23;-3.14159;0
172;484;57;24;-3.14159;0
172;488;65;25;-3.14159;0
172;492;73;26;-3.14159;0
172;496;81;27;-3.14159;0
172;500;89;28;-3.14159;0
172;504;97;29;-3.14159;0
172;508;105;30;-3.14159;0
172;512;113;31;-3.14159;0
172;512;113;0;-3.14159;0
172;512;113;32;0;3.14159
172;516;105;31;0;3.14159
172;520;97;30;0;3.14159
172;524;89;29;0;3.14159
172;528;81;28;0;3.14159
172;532;73;27;0;3.14159
172;536;65;26;0;3.14159
172;540;57;25;0;3.14159
172;544;49;24;0;3.14159
172;548;41;23;0;3.14159
172;552;33;22;0;3.14159
172;556;25;21;0;3.14159
172;560;17;20;0;3.14159
172;564;9;19;0;3.14159
172;568;1;18;0;3.14159
172;517.5;16;120;-1.5708;1.5708
176;517.5;15;112;-1.5708;1.5708
180;517.5;14;104;-1.5708;1.5708
184;517.5;13;96;-1.5708;1.5708
188;517.5;12;88;-1.5708;1.5708
192;517.5;11;80;-1.5708;1.5708
196;517.5;10;72;-1.5708;1.5708
200;517.5;9;64;-1.5708;1.5708
204;517.5;8;56;-1.5708;1.5708
208;517.5;7;48;-1.5708;1.5708
212;517.5;6;40;-1.5708;1.5708
216;517.5;5;32;-1.5708;1.5708
220;517.5;4;24;-1.5708;1.5708
224;517.5;3;16;-1.5708;1.5708
228;517.5;2;8;-1.5708;1.5708
232;517.5;1;8;1.5708;4.71239
236;517.5;2;16;1.5708;4.71239
240;517.5;3;24;1.5708;4.71239
244;517.5;4;32;1.5708;4.71239
248;517.5;5;40;1.5708;4.71239
252;517.5;6;48;1.5708;4.71239
256;517.5;7;56;1.5708;4.71239
260;517.5;8;64;1.5708;4.71239
264;517.5;9;72;1.5708;4.71239
268;517.5;10;80;1.5708;4.71239
272;517.5;11;88;1.5708;4.71239
276;517.5;12;96;1.5708;4.71239
280;517.5;13;104;1.5708;4.71239
284;517.5;14;112;1.5708;4.71239
288;517.5;15;120;1.5708;4.71239
288;517.5;0;120;1.5708;4.71239
288;456;1;17;-3.14159;0
288;460;9;18;-3.14159;0
288;464;17;19;-3.14159;0
288;468;25;20;-3.14159;0
288;472;33;21;-3.14159;0
288;476;41;22;-3.14159;0
288;480;49;23;-3.14159;0
288;484;57;24;-3.14159;0
288;488;65;25;-3.14159;0
288;492;73;26;-3.14159;0
288;496;81;27;-3.14159;0
288;500;89;28;-3.14159;0
288;504;97;29;-3.14159;0
288;508;105;30;-3.14159;0
288;512;113;31;-3.14159;0
288;512;113;0;-3.14159;0
288;512;113;32;0;3.14159
288;516;105;31;0;3.14159
288;520;97;30;0;3.14159
288;524;89;29;0;3.14159
288;528;81;28;0;3.14159
288;532;73;27;0;3.14159
288;536;65;26;0;3.14159
288;540;57;25;0;3.14159
288;544;49;24;0;3.14159
288;548;41;23;0;3.14159
288;552;33;22;0;3.14159
288;556;25;21;0;3.14159
288;560;17;20;0;3.14159
288;564;9;19;0;3.14159
288;568;1;18;0;3.14159
288;517.5;16;120;-1.5708;1.5708
292;517.5;15;112;-1.5708;1.5708
296;517.5;14;104;-1.5708;1.5708
300;517.5;13;96;-1.5708;1.5708
304;517.5;12;88;-1.5708;1.5708
308;517.5;11;80;-1.5708;1.5708
312;517.5;10;72;-1.5708;1.5708
316;517.5;9;64;-1.5708;1.5708
320;517.5;8;56;-1.5708;1.5708
324;517.5;7;48;-1.5708;1.5708
328;517.5;6;40;-1.5708;1.5708
332;517.5;5;32;-1.5708;1.5708
336;517.5;4;24;-1.5708;1.5708
340;517.5;3;16;-1.5708;1.5708
344;517.5;2;8;-1.5708;1.5708
348;517.5;1;8;1.5708;4.71239
352;517.5;2;16;1.5708;4.71239
356;517.5;3;24;1.5708;4.71239
360;517.5;4;32;1.5708;4.71239
364;517.5;5;40;1.5708;4.71239
368;517.5;6;48;1.5708;4.71239
372;517.5;7;56;1.5708;4.71239
376;517.5;8;64;1.5708;4.71239
380;517.5;9;72;1.5708;4.71239
384;517.5;10;80;1.5708;4.71239
388;517.5;11;88;1.5708;4.71239
392;517.5;12;96;1.5708;4.71239
396;517.5;13;104;1.5708;4.71239
400;517.5;14;112;1.5708;4.71239
404;517.5;15;120;1.5708;4.71239
404;517.5;0;120;1.5708;4.71239
404;456;1;17;-3.14159;0
404;460;9;18;-3.14159;0
404;464;17;19;-3.14159;0
404;468;25;20;-3.14159;0
404;472;33;21;-3.14159;0
404;476;41;22;-3.14159;0
404;480;49;23;-3.14159;0
404;484;57;24;-3.14159;0
404;488;65;25;-3.14159;0
404;492;73;26;-3.14159;0
404;496;81;27;-3.14159;0
404;500;89;28;-3.14159;0
404;504;97;29;-3.14159;0
404;508;105;30;-3.14159;0
404;512;113;31;-3.14159;0
404;512;113;0;-3.14159;0
404;512;113;32;0;3.14159
404;516;105;31;0;3.14159
404;520;97;30;0;3.14159
404;524;89;29;0;3.14159
404;528;81;28;0;3.14159
404;532;73;27;0;3.14159
404;536;65;26;0;3.14159
404;540;57;25;0;3.14159
404;544;49;24;0;3.14159
404;548;41;23;0;3.14159
404;552;33;22;0;3.14159
404;556;25;21;0;3.14159
404;560;17;20;0;3.14159
404;564;9;19;0;3.14159
404;568;1;18;0;3.14159
404;517.5;16;120;-1.5708;1.5708
408;517.5;15;112;-1.5708;1.5708
412;517.5;14;104;-1.5708;1.5708
416;517.5;13;96;-1.5708;1.5708
420;517.5;12;88;-1.5708;1.5708
424;517.5;11;80;-1.5708;1.5708
428;517.5;10;72;-1.5708;1.5708
432;517.5;9;64;-1.5708;1.5708
436;517.5;8;56;-1.5708;1.5708
440;517.5;7;48;-1.5708;1.5708
444;517.5;6;40;-1.5708;1.5708
448;517.5;5;32;-1.5708;1.5708
452;517.5;4;24;-1.5708;1.5708
456;517.5;3;16;-1.5708;1.5708
460;517.5;2;8;-1.5708;1.5708
464;517.5;1;8;1.5708;4.71239
468;517.5;2;16;1.5708;4.71239
472;517.5;3;24;1.5708;4.71239
476;517.5;4;32;1.5708;4.71239
480;517.5;5;40;1.5708;4.71239
484;517.5;6;48;1.5708;4.71239
488;517.5;7;56;1.5708;4.71239
492;517.5;8;64;1.5708;4.71239
496;517.5;9;72;1.5708;4.71239
500;517.5;10;80;1.5708;4.71239
504;517.5;11;88;1.5708;4.71239
508;517.5;12;96;1.5708;4.71239
512;517.5;13;104;1.5708;4.71239
516;517.5;14;112;1.5708;4.71239
520;517.5;15;120;1.5708;4.71239
520;517.5;0;120;1.5708;4.71239
520;456;1;17;-3.14159;0
520;460;9;18;-3.14159;0
520;464;17;19;-3.14159;0
520;468;25;20;-3.14159;0
520;472;33;21;-3.14159;0
520;476;41;22;-3.14159;0
520;480;49;23;-3.14159;0
520;484;57;24;-3.14159;0
520;488;65;25;-3.14159;0
520;492;73;26;-3.14159;0
520;496;81;27;-3.14159;0
520;500;89;28;-3.14159;0
520;504;97;29;-3.14159;0
520;508;105;30;-3.14159;0
520;512;113;31;-3.14159;0
520;512;113;0;-3.14159;0
520;512;113;32;0;3.14159
520;516;105;31;0;3.14159
520;520;97;30;0;3.14159
520;524;89;29;0;3.14159
520;528;81;28;0;3.14159
520;532;73;27;0;3.14159
520;536;65;26;0;3.14159
520;540;57;25;0;3.14159
520;544;49;24;0;3.14159
520;548;41;23;0;3.14159
520;552;33;22;0;3.14159
520;556;25;21;0;3.14159
520;560;17;20;0;3.14159
520;564;9;19;0;3.14159
520;568;1;18;0;3.14159
520;517.5;16;120;-1.5708;1.5708
524;517.5;15;112;-1.5708;1.5708
528;517.5;14;104;-1.5708;1.5708
532;517.5;13;96;-1.5708;1.5708
536;517.5;12;88;-1.5708;1.5708
540;517.5;11;80;-1.5708;1.5708
544;517.5;10;72;-1.5708;1.5708
548;517.5;9;64;-1.5708;1.5708
552;517.5;8;56;-1.5708;1.5708
556;517.5;7;48;-1.5708;1.5708
560;517.5;6;40;-1.5708;1.5708
564;517.5;5;32;-1.5708;1.5708
568;517.5;4;24;-1.5708;1.5708
572;517.5;3;16;-1.5708;1.5708
576;517.5;2;8;-1.5708;1.5708
